simple_point|{"type":"Point","coordinates":[1.000000000000000,1.000000000000000]}
empty_geom|
precision_01|{"type":"Point","coordinates":[1,1]}
precision_02|{"type":"Point","coordinates":[1.000,1.000]}
precision_03|{"type":"Point","coordinates":[1,1]}
precision_04|{"type":"Point","coordinates":[1.000000000000000,1.000000000000000]}
version_01|{"type":"Point","coordinates":[1.000000000000000,1.000000000000000]}
ERROR:  Only GeoJSON 1 is supported
ERROR:  Only GeoJSON 1 is supported
crs_01|{"type":"Point","crs":{"type":"EPSG","properties":{"EPSG":4326}},"coordinates":[1,1]}
crs_02|{"type":"Point","coordinates":[1,1]}
crs_03|{"type":"Point","crs":{"type":"EPSG","properties":{"EPSG":27572}},"coordinates":[600000,2430000]}
ERROR:  SRID 100000 unknown in spatial_ref_sys table
bbox_01|{"type":"LineString","coordinates":[[1,1],[2,2],[3,3],[4,4]]}
bbox_02|{"type":"LineString","bbox":[1,1,4,4],"coordinates":[[1,1],[2,2],[3,3],[4,4]]}
bbox_03|{"type":"LineString","bbox":[1,1,4,4],"coordinates":[[1,1],[2,2],[3,3],[4,4]]}
options_01|{"type":"LineString","coordinates":[[1,1],[2,2],[3,3],[4,4]]}
options_02|{"type":"LineString","coordinates":[[1,1],[2,2],[3,3],[4,4]]}
options_03|{"type":"LineString","coordinates":[[1,1],[2,2],[3,3],[4,4]]}
options_04|{"type":"LineString","crs":{"type":"EPSG","properties":{"EPSG":4326}},"coordinates":[[1,1],[2,2],[3,3],[4,4]]}
options_05|{"type":"LineString","bbox":[1,1,4,4],"coordinates":[[1,1],[2,2],[3,3],[4,4]]}
options_06|{"type":"LineString","bbox":[1,1,4,4],"coordinates":[[1,1],[2,2],[3,3],[4,4]]}
options_07|{"type":"LineString","bbox":[1,1,4,4],"coordinates":[[1,1],[2,2],[3,3],[4,4]]}
options_08|{"type":"LineString","crs":{"type":"EPSG","properties":{"EPSG":4326}},"bbox":[1,1,4,4],"coordinates":[[1,1],[2,2],[3,3],[4,4]]}
line_01|{"type":"LineString","coordinates":[[3429562.600000000093132,5799490.679999999701977],[3429750.990000000223517,5799199.870000000111759],[3429825.450000000186265,5799078.389999999664724],[3429901.799999999813735,5798961.450000000186265],[3429995.540000000037253,5798822.929999999701977],[3430072.890000000130385,5798719.459999999962747],[3430216.000000000000000,5798558.950000000186265],[3430272.080000000074506,5798489.330000000074506],[3430393.870000000111759,5798328.509999999776483],[3430463.529999999795109,5798251.110000000335276],[3430532.220000000204891,5798190.160000000149012],[3430591.240000000223517,5798149.530000000260770],[3430667.669999999925494,5798108.900000000372529],[3430723.779999999795109,5798088.580000000074506],[3430797.330000000074506,5798067.950000000186265],[3430857.339999999850988,5798056.339999999850988],[3430912.520000000018626,5798051.500000000000000],[3430961.890000000130385,5798048.589999999850988],[3431052.879999999888241,5798053.429999999701977],[3431159.359999999869615,5798059.240000000223517],[3431218.410000000149012,5798061.179999999701977],[3431366.560000000055879,5798056.089999999850988],[3431474.069999999832362,5798044.469999999739230],[3431568.020000000018626,5798028.969999999739230],[3431644.529999999795109,5798012.509999999776483]]}
line_02|{"type":"LineString","coordinates":[[3429563,5799491],[3429751,5799200],[3429825,5799078],[3429902,5798961],[3429996,5798823],[3430073,5798719],[3430216,5798559],[3430272,5798489],[3430394,5798329],[3430464,5798251],[3430532,5798190],[3430591,5798150],[3430668,5798109],[3430724,5798089],[3430797,5798068],[3430857,5798056],[3430913,5798052],[3430962,5798049],[3431053,5798053],[3431159,5798059],[3431218,5798061],[3431367,5798056],[3431474,5798044],[3431568,5798029],[3431645,5798013]]}
line_03|{"type":"LineString","bbox":[3429562,5798012,3431645,5799491],"coordinates":[[3429563,5799491],[3429751,5799200],[3429825,5799078],[3429902,5798961],[3429996,5798823],[3430073,5798719],[3430216,5798559],[3430272,5798489],[3430394,5798329],[3430464,5798251],[3430532,5798190],[3430591,5798150],[3430668,5798109],[3430724,5798089],[3430797,5798068],[3430857,5798056],[3430913,5798052],[3430962,5798049],[3431053,5798053],[3431159,5798059],[3431218,5798061],[3431367,5798056],[3431474,5798044],[3431568,5798029],[3431645,5798013]]}
line_04|{"type":"LineString","bbox":[3429562,5798012,3431645,5799491],"coordinates":[[3429563,5799491],[3429751,5799200],[3429825,5799078],[3429902,5798961],[3429996,5798823],[3430073,5798719],[3430216,5798559],[3430272,5798489],[3430394,5798329],[3430464,5798251],[3430532,5798190],[3430591,5798150],[3430668,5798109],[3430724,5798089],[3430797,5798068],[3430857,5798056],[3430913,5798052],[3430962,5798049],[3431053,5798053],[3431159,5798059],[3431218,5798061],[3431367,5798056],[3431474,5798044],[3431568,5798029],[3431645,5798013]]}
line_05|{"type":"LineString","crs":{"type":"EPSG","properties":{"EPSG":31467}},"bbox":[3429562,5798012,3431645,5799491],"coordinates":[[3429563,5799491],[3429751,5799200],[3429825,5799078],[3429902,5798961],[3429996,5798823],[3430073,5798719],[3430216,5798559],[3430272,5798489],[3430394,5798329],[3430464,5798251],[3430532,5798190],[3430591,5798150],[3430668,5798109],[3430724,5798089],[3430797,5798068],[3430857,5798056],[3430913,5798052],[3430962,5798049],[3431053,5798053],[3431159,5798059],[3431218,5798061],[3431367,5798056],[3431474,5798044],[3431568,5798029],[3431645,5798013]]}
polygon_01|{"type":"Polygon","coordinates":[[[3429857.620000000111759,5799440.070000000298023],[3429873.859999999869615,5799496.160000000149012],[3429904.859999999869615,5799503.549999999813735],[3429972.770000000018626,5799561.120000000111759],[3430034.770000000018626,5799577.360000000335276],[3430031.819999999832362,5799639.360000000335276],[3430139.589999999850988,5799691.030000000260770],[3430146.970000000204891,5799724.990000000223517],[3430271.569999999832362,5799792.879999999888241],[3430289.290000000037253,5799776.639999999664724],[3430312.910000000149012,5799662.950000000186265],[3430416.270000000018626,5799710.200000000186265],[3430419.220000000204891,5799614.219999999739230],[3430268.609999999869615,5799612.750000000000000],[3430291.299999999813735,5799203.759999999776483],[3430255.859999999869615,5799175.700000000186265],[3430214.509999999776483,5799347.000000000000000],[3430183.490000000223517,5799355.870000000111759],[3430180.540000000037253,5799366.200000000186265],[3430146.569999999832362,5799367.679999999701977],[3430142.140000000130385,5799349.959999999962747],[3430065.350000000093132,5799375.059999999590218],[3429961.970000000204891,5799426.750000000000000],[3429857.620000000111759,5799440.070000000298023]]]}
polygon_02|{"type":"Polygon","coordinates":[[[3429858,5799440],[3429874,5799496],[3429905,5799504],[3429973,5799561],[3430035,5799577],[3430032,5799639],[3430140,5799691],[3430147,5799725],[3430272,5799793],[3430289,5799777],[3430313,5799663],[3430416,5799710],[3430419,5799614],[3430269,5799613],[3430291,5799204],[3430256,5799176],[3430215,5799347],[3430183,5799356],[3430181,5799366],[3430147,5799368],[3430142,5799350],[3430065,5799375],[3429962,5799427],[3429858,5799440]]]}
polygon_03|{"type":"Polygon","bbox":[3429858,5799176,3430419,5799793],"coordinates":[[[3429858,5799440],[3429874,5799496],[3429905,5799504],[3429973,5799561],[3430035,5799577],[3430032,5799639],[3430140,5799691],[3430147,5799725],[3430272,5799793],[3430289,5799777],[3430313,5799663],[3430416,5799710],[3430419,5799614],[3430269,5799613],[3430291,5799204],[3430256,5799176],[3430215,5799347],[3430183,5799356],[3430181,5799366],[3430147,5799368],[3430142,5799350],[3430065,5799375],[3429962,5799427],[3429858,5799440]]]}
polygon_04|{"type":"Polygon","bbox":[3429858,5799176,3430419,5799793],"coordinates":[[[3429858,5799440],[3429874,5799496],[3429905,5799504],[3429973,5799561],[3430035,5799577],[3430032,5799639],[3430140,5799691],[3430147,5799725],[3430272,5799793],[3430289,5799777],[3430313,5799663],[3430416,5799710],[3430419,5799614],[3430269,5799613],[3430291,5799204],[3430256,5799176],[3430215,5799347],[3430183,5799356],[3430181,5799366],[3430147,5799368],[3430142,5799350],[3430065,5799375],[3429962,5799427],[3429858,5799440]]]}
polygon_05|{"type":"Polygon","crs":{"type":"EPSG","properties":{"EPSG":31467}},"bbox":[3429858,5799176,3430419,5799793],"coordinates":[[[3429858,5799440],[3429874,5799496],[3429905,5799504],[3429973,5799561],[3430035,5799577],[3430032,5799639],[3430140,5799691],[3430147,5799725],[3430272,5799793],[3430289,5799777],[3430313,5799663],[3430416,5799710],[3430419,5799614],[3430269,5799613],[3430291,5799204],[3430256,5799176],[3430215,5799347],[3430183,5799356],[3430181,5799366],[3430147,5799368],[3430142,5799350],[3430065,5799375],[3429962,5799427],[3429858,5799440]]]}
multipoint_01|{"type":"MultiPoint","coordinates":[[3433276.430000000167638,5795308.929999999701977],[3428545.299999999813735,5795827.750000000000000],[3431576.990000000223517,5799084.190000000409782],[3431724.200000000186265,5797152.589999999850988],[3431984.200000000186265,5796564.790000000037253],[3435147.609999999869615,5797649.580000000074506],[3434660.859999999869615,5796941.740000000223517],[3434674.520000000018626,5797030.540000000037253],[3435714.359999999869615,5797022.599999999627471],[3436368.879999999888241,5796951.040000000037253],[3436730.029999999795109,5796768.599999999627471],[3435538.549999999813735,5796267.099999999627471],[3435847.220000000204891,5795917.959999999962747],[3434312.089999999850988,5794846.019999999552965],[3433121.689999999944121,5793670.730000000447035],[3433176.359999999869615,5793489.290000000037253],[3434316.040000000037253,5793940.089999999850988],[3433222.919999999925494,5793040.490000000223517],[3433416.129999999888241,5792891.620000000111759],[3430717.470000000204891,5792600.580000000074506],[3435384.080000000074506,5792877.679999999701977],[3435229.149999999906868,5792177.250000000000000],[3435120.000000000000000,5792319.070000000298023],[3435088.720000000204891,5792111.209999999962747],[3434484.890000000130385,5792110.200000000186265],[3435777.910000000149012,5792419.490000000223517],[3435717.370000000111759,5794318.120000000111759],[3436895.129999999888241,5794569.429999999701977],[3437621.859999999869615,5793931.599999999627471],[3435597.140000000130385,5793467.900000000372529],[3435246.509999999776483,5793394.629999999888241],[3434722.100000000093132,5793374.870000000111759],[3434712.160000000149012,5793810.299999999813735],[3434773.279999999795109,5793816.870000000111759],[3434629.910000000149012,5793855.309999999590218],[3434992.339999999850988,5794140.099999999627471],[3434927.129999999888241,5794252.290000000037253],[3434958.580000000074506,5794286.160000000149012],[3435120.479999999981374,5794163.360000000335276],[3435850.100000000093132,5791727.490000000223517],[3435930.750000000000000,5791636.320000000298023],[3436268.870000000111759,5791882.679999999701977],[3437110.229999999981374,5791664.120000000111759],[3435960.339999999850988,5790928.200000000186265],[3433545.810000000055879,5789755.429999999701977],[3439096.859999999869615,5790884.259999999776483],[3438576.870000000111759,5795046.690000000409782],[3438396.950000000186265,5794858.589999999850988],[3438193.250000000000000,5794695.599999999627471],[3438447.919999999925494,5796130.769999999552965],[3440688.220000000204891,5793670.370000000111759]]}
multipoint_02|{"type":"MultiPoint","coordinates":[[3433276,5795309],[3428545,5795828],[3431577,5799084],[3431724,5797153],[3431984,5796565],[3435148,5797650],[3434661,5796942],[3434675,5797031],[3435714,5797023],[3436369,5796951],[3436730,5796769],[3435539,5796267],[3435847,5795918],[3434312,5794846],[3433122,5793671],[3433176,5793489],[3434316,5793940],[3433223,5793040],[3433416,5792892],[3430717,5792601],[3435384,5792878],[3435229,5792177],[3435120,5792319],[3435089,5792111],[3434485,5792110],[3435778,5792419],[3435717,5794318],[3436895,5794569],[3437622,5793932],[3435597,5793468],[3435247,5793395],[3434722,5793375],[3434712,5793810],[3434773,5793817],[3434630,5793855],[3434992,5794140],[3434927,5794252],[3434959,5794286],[3435120,5794163],[3435850,5791727],[3435931,5791636],[3436269,5791883],[3437110,5791664],[3435960,5790928],[3433546,5789755],[3439097,5790884],[3438577,5795047],[3438397,5794859],[3438193,5794696],[3438448,5796131],[3440688,5793670]]}
multipoint_03|{"type":"MultiPoint","bbox":[3428545,5789755,3440688,5799084],"coordinates":[[3433276,5795309],[3428545,5795828],[3431577,5799084],[3431724,5797153],[3431984,5796565],[3435148,5797650],[3434661,5796942],[3434675,5797031],[3435714,5797023],[3436369,5796951],[3436730,5796769],[3435539,5796267],[3435847,5795918],[3434312,5794846],[3433122,5793671],[3433176,5793489],[3434316,5793940],[3433223,5793040],[3433416,5792892],[3430717,5792601],[3435384,5792878],[3435229,5792177],[3435120,5792319],[3435089,5792111],[3434485,5792110],[3435778,5792419],[3435717,5794318],[3436895,5794569],[3437622,5793932],[3435597,5793468],[3435247,5793395],[3434722,5793375],[3434712,5793810],[3434773,5793817],[3434630,5793855],[3434992,5794140],[3434927,5794252],[3434959,5794286],[3435120,5794163],[3435850,5791727],[3435931,5791636],[3436269,5791883],[3437110,5791664],[3435960,5790928],[3433546,5789755],[3439097,5790884],[3438577,5795047],[3438397,5794859],[3438193,5794696],[3438448,5796131],[3440688,5793670]]}
multipoint_04|{"type":"MultiPoint","bbox":[3428545,5789755,3440688,5799084],"coordinates":[[3433276,5795309],[3428545,5795828],[3431577,5799084],[3431724,5797153],[3431984,5796565],[3435148,5797650],[3434661,5796942],[3434675,5797031],[3435714,5797023],[3436369,5796951],[3436730,5796769],[3435539,5796267],[3435847,5795918],[3434312,5794846],[3433122,5793671],[3433176,5793489],[3434316,5793940],[3433223,5793040],[3433416,5792892],[3430717,5792601],[3435384,5792878],[3435229,5792177],[3435120,5792319],[3435089,5792111],[3434485,5792110],[3435778,5792419],[3435717,5794318],[3436895,5794569],[3437622,5793932],[3435597,5793468],[3435247,5793395],[3434722,5793375],[3434712,5793810],[3434773,5793817],[3434630,5793855],[3434992,5794140],[3434927,5794252],[3434959,5794286],[3435120,5794163],[3435850,5791727],[3435931,5791636],[3436269,5791883],[3437110,5791664],[3435960,5790928],[3433546,5789755],[3439097,5790884],[3438577,5795047],[3438397,5794859],[3438193,5794696],[3438448,5796131],[3440688,5793670]]}
multipoint_05|{"type":"MultiPoint","crs":{"type":"EPSG","properties":{"EPSG":31467}},"bbox":[3428545,5789755,3440688,5799084],"coordinates":[[3433276,5795309],[3428545,5795828],[3431577,5799084],[3431724,5797153],[3431984,5796565],[3435148,5797650],[3434661,5796942],[3434675,5797031],[3435714,5797023],[3436369,5796951],[3436730,5796769],[3435539,5796267],[3435847,5795918],[3434312,5794846],[3433122,5793671],[3433176,5793489],[3434316,5793940],[3433223,5793040],[3433416,5792892],[3430717,5792601],[3435384,5792878],[3435229,5792177],[3435120,5792319],[3435089,5792111],[3434485,5792110],[3435778,5792419],[3435717,5794318],[3436895,5794569],[3437622,5793932],[3435597,5793468],[3435247,5793395],[3434722,5793375],[3434712,5793810],[3434773,5793817],[3434630,5793855],[3434992,5794140],[3434927,5794252],[3434959,5794286],[3435120,5794163],[3435850,5791727],[3435931,5791636],[3436269,5791883],[3437110,5791664],[3435960,5790928],[3433546,5789755],[3439097,5790884],[3438577,5795047],[3438397,5794859],[3438193,5794696],[3438448,5796131],[3440688,5793670]]}
multiline_01|{"type":"MultiLineString","coordinates":[[[3429562.600000000093132,5799490.679999999701977],[3429750.990000000223517,5799199.870000000111759],[3429825.450000000186265,5799078.389999999664724],[3429901.799999999813735,5798961.450000000186265],[3429995.540000000037253,5798822.929999999701977],[3430072.890000000130385,5798719.459999999962747],[3430216.000000000000000,5798558.950000000186265],[3430272.080000000074506,5798489.330000000074506],[3430393.870000000111759,5798328.509999999776483],[3430463.529999999795109,5798251.110000000335276],[3430532.220000000204891,5798190.160000000149012],[3430591.240000000223517,5798149.530000000260770],[3430667.669999999925494,5798108.900000000372529],[3430723.779999999795109,5798088.580000000074506],[3430797.330000000074506,5798067.950000000186265],[3430857.339999999850988,5798056.339999999850988],[3430912.520000000018626,5798051.500000000000000],[3430961.890000000130385,5798048.589999999850988],[3431052.879999999888241,5798053.429999999701977],[3431159.359999999869615,5798059.240000000223517],[3431218.410000000149012,5798061.179999999701977],[3431366.560000000055879,5798056.089999999850988],[3431474.069999999832362,5798044.469999999739230],[3431568.020000000018626,5798028.969999999739230],[3431644.529999999795109,5798012.509999999776483]],[[3433260.060000000055879,5797002.919999999925494],[3433234.609999999869615,5797070.250000000000000],[3433138.560000000055879,5797278.809999999590218],[3433074.189999999944121,5797398.940000000409782],[3433033.729999999981374,5797461.790000000037253],[3432961.430000000167638,5797551.839999999850988],[3432882.759999999776483,5797626.570000000298023],[3432780.319999999832362,5797701.089999999850988],[3432706.279999999795109,5797743.230000000447035],[3432542.660000000149012,5797808.049999999813735],[3432360.319999999832362,5797842.469999999739230],[3432258.520000000018626,5797836.769999999552965],[3432197.620000000111759,5797837.570000000298023],[3432081.750000000000000,5797865.639999999664724],[3431876.600000000093132,5797945.099999999627471],[3431865.149999999906868,5797948.730000000447035]],[[3431865.149999999906868,5797948.730000000447035],[3431644.529999999795109,5798012.509999999776483]],[[3431865.149999999906868,5797948.730000000447035],[3431815.750000000000000,5797807.759999999776483]],[[3433260.060000000055879,5797002.919999999925494],[3433361.189999999944121,5796788.540000000037253],[3433467.399999999906868,5796572.780000000260770],[3433670.600000000093132,5796160.059999999590218]],[[3433670.600000000093132,5796160.059999999590218],[3433709.270000000018626,5796096.879999999888241],[3433744.459999999962747,5796021.839999999850988],[3433861.979999999981374,5795869.379999999888241],[3434029.100000000093132,5795680.429999999701977],[3434229.419999999925494,5795456.339999999850988],[3434239.359999999869615,5795425.110000000335276],[3434296.020000000018626,5795363.179999999701977]]]}
multiline_02|{"type":"MultiLineString","coordinates":[[[3429563,5799491],[3429751,5799200],[3429825,5799078],[3429902,5798961],[3429996,5798823],[3430073,5798719],[3430216,5798559],[3430272,5798489],[3430394,5798329],[3430464,5798251],[3430532,5798190],[3430591,5798150],[3430668,5798109],[3430724,5798089],[3430797,5798068],[3430857,5798056],[3430913,5798052],[3430962,5798049],[3431053,5798053],[3431159,5798059],[3431218,5798061],[3431367,5798056],[3431474,5798044],[3431568,5798029],[3431645,5798013]],[[3433260,5797003],[3433235,5797070],[3433139,5797279],[3433074,5797399],[3433034,5797462],[3432961,5797552],[3432883,5797627],[3432780,5797701],[3432706,5797743],[3432543,5797808],[3432360,5797842],[3432259,5797837],[3432198,5797838],[3432082,5797866],[3431877,5797945],[3431865,5797949]],[[3431865,5797949],[3431645,5798013]],[[3431865,5797949],[3431816,5797808]],[[3433260,5797003],[3433361,5796789],[3433467,5796573],[3433671,5796160]],[[3433671,5796160],[3433709,5796097],[3433744,5796022],[3433862,5795869],[3434029,5795680],[3434229,5795456],[3434239,5795425],[3434296,5795363]]]}
multiline_03|{"type":"MultiLineString","bbox":[3429562,5795363,3434296,5799491],"coordinates":[[[3429563,5799491],[3429751,5799200],[3429825,5799078],[3429902,5798961],[3429996,5798823],[3430073,5798719],[3430216,5798559],[3430272,5798489],[3430394,5798329],[3430464,5798251],[3430532,5798190],[3430591,5798150],[3430668,5798109],[3430724,5798089],[3430797,5798068],[3430857,5798056],[3430913,5798052],[3430962,5798049],[3431053,5798053],[3431159,5798059],[3431218,5798061],[3431367,5798056],[3431474,5798044],[3431568,5798029],[3431645,5798013]],[[3433260,5797003],[3433235,5797070],[3433139,5797279],[3433074,5797399],[3433034,5797462],[3432961,5797552],[3432883,5797627],[3432780,5797701],[3432706,5797743],[3432543,5797808],[3432360,5797842],[3432259,5797837],[3432198,5797838],[3432082,5797866],[3431877,5797945],[3431865,5797949]],[[3431865,5797949],[3431645,5798013]],[[3431865,5797949],[3431816,5797808]],[[3433260,5797003],[3433361,5796789],[3433467,5796573],[3433671,5796160]],[[3433671,5796160],[3433709,5796097],[3433744,5796022],[3433862,5795869],[3434029,5795680],[3434229,5795456],[3434239,5795425],[3434296,5795363]]]}
multiline_04|{"type":"MultiLineString","bbox":[3429562,5795363,3434296,5799491],"coordinates":[[[3429563,5799491],[3429751,5799200],[3429825,5799078],[3429902,5798961],[3429996,5798823],[3430073,5798719],[3430216,5798559],[3430272,5798489],[3430394,5798329],[3430464,5798251],[3430532,5798190],[3430591,5798150],[3430668,5798109],[3430724,5798089],[3430797,5798068],[3430857,5798056],[3430913,5798052],[3430962,5798049],[3431053,5798053],[3431159,5798059],[3431218,5798061],[3431367,5798056],[3431474,5798044],[3431568,5798029],[3431645,5798013]],[[3433260,5797003],[3433235,5797070],[3433139,5797279],[3433074,5797399],[3433034,5797462],[3432961,5797552],[3432883,5797627],[3432780,5797701],[3432706,5797743],[3432543,5797808],[3432360,5797842],[3432259,5797837],[3432198,5797838],[3432082,5797866],[3431877,5797945],[3431865,5797949]],[[3431865,5797949],[3431645,5798013]],[[3431865,5797949],[3431816,5797808]],[[3433260,5797003],[3433361,5796789],[3433467,5796573],[3433671,5796160]],[[3433671,5796160],[3433709,5796097],[3433744,5796022],[3433862,5795869],[3434029,5795680],[3434229,5795456],[3434239,5795425],[3434296,5795363]]]}
multiline_05|{"type":"MultiLineString","crs":{"type":"EPSG","properties":{"EPSG":31467}},"bbox":[3429562,5795363,3434296,5799491],"coordinates":[[[3429563,5799491],[3429751,5799200],[3429825,5799078],[3429902,5798961],[3429996,5798823],[3430073,5798719],[3430216,5798559],[3430272,5798489],[3430394,5798329],[3430464,5798251],[3430532,5798190],[3430591,5798150],[3430668,5798109],[3430724,5798089],[3430797,5798068],[3430857,5798056],[3430913,5798052],[3430962,5798049],[3431053,5798053],[3431159,5798059],[3431218,5798061],[3431367,5798056],[3431474,5798044],[3431568,5798029],[3431645,5798013]],[[3433260,5797003],[3433235,5797070],[3433139,5797279],[3433074,5797399],[3433034,5797462],[3432961,5797552],[3432883,5797627],[3432780,5797701],[3432706,5797743],[3432543,5797808],[3432360,5797842],[3432259,5797837],[3432198,5797838],[3432082,5797866],[3431877,5797945],[3431865,5797949]],[[3431865,5797949],[3431645,5798013]],[[3431865,5797949],[3431816,5797808]],[[3433260,5797003],[3433361,5796789],[3433467,5796573],[3433671,5796160]],[[3433671,5796160],[3433709,5796097],[3433744,5796022],[3433862,5795869],[3434029,5795680],[3434229,5795456],[3434239,5795425],[3434296,5795363]]]}
multipolygon_01|{"type":"MultiPolygon","coordinates":[[[[3429699.810000000055879,5795851.639999999664724],[3429736.720000000204891,5795796.009999999776483],[3429754.709999999962747,5795768.879999999888241],[3429996.100000000093132,5795489.980000000447035],[3430100.669999999925494,5795435.759999999776483],[3430122.609999999869615,5795446.089999999850988],[3430138.100000000093132,5795560.980000000447035],[3430311.089999999850988,5795559.690000000409782],[3430309.799999999813735,5795470.620000000111759],[3430329.160000000149012,5795416.400000000372529],[3430326.580000000074506,5795399.620000000111759],[3430157.470000000204891,5795418.980000000447035],[3430156.140000000130385,5795407.320000000298023],[3430139.359999999869615,5795396.990000000223517],[3429983.189999999944121,5795394.410000000149012],[3429976.740000000223517,5795420.219999999739230],[3429789.589999999850988,5795418.929999999701977],[3429643.740000000223517,5795475.719999999739230],[3429635.720000000204891,5795615.309999999590218],[3429484.939999999944121,5795556.379999999888241],[3429315.439999999944121,5795496.320000000298023],[3429326.120000000111759,5795748.570000000298023],[3429129.919999999925494,5795704.530000000260770],[3429176.640000000130385,5795776.599999999627471],[3429100.600000000093132,5795797.169999999925494],[3428900.439999999944121,5795742.459999999962747],[3428896.430000000167638,5795779.820000000298023],[3428805.689999999944121,5795953.299999999813735],[3428897.770000000018626,5796025.349999999627471],[3428897.770000000018626,5796225.990000000223517],[3428696.319999999832362,5796199.309999999590218],[3428681.640000000130385,5796217.990000000223517],[3428680.310000000055879,5796290.030000000260770],[3428290.140000000130385,5796351.799999999813735],[3428389.669999999925494,5796413.870000000111759],[3428837.709999999962747,5796561.120000000111759],[3428991.080000000074506,5796495.009999999776483],[3429076.399999999906868,5796760.290000000037253],[3429428.310000000055879,5796723.610000000335276],[3429474.959999999962747,5796690.290000000037253],[3429696.200000000186265,5796600.990000000223517],[3429658.879999999888241,5796429.059999999590218],[3429536.270000000018626,5796363.750000000000000],[3429529.600000000093132,5796333.099999999627471],[3429446.080000000074506,5796253.839999999850988],[3429699.810000000055879,5795851.639999999664724]]],[[[3429857.620000000111759,5799440.070000000298023],[3429873.859999999869615,5799496.160000000149012],[3429904.859999999869615,5799503.549999999813735],[3429972.770000000018626,5799561.120000000111759],[3430034.770000000018626,5799577.360000000335276],[3430031.819999999832362,5799639.360000000335276],[3430139.589999999850988,5799691.030000000260770],[3430146.970000000204891,5799724.990000000223517],[3430271.569999999832362,5799792.879999999888241],[3430289.290000000037253,5799776.639999999664724],[3430312.910000000149012,5799662.950000000186265],[3430416.270000000018626,5799710.200000000186265],[3430419.220000000204891,5799614.219999999739230],[3430268.609999999869615,5799612.750000000000000],[3430291.299999999813735,5799203.759999999776483],[3430255.859999999869615,5799175.700000000186265],[3430214.509999999776483,5799347.000000000000000],[3430183.490000000223517,5799355.870000000111759],[3430180.540000000037253,5799366.200000000186265],[3430146.569999999832362,5799367.679999999701977],[3430142.140000000130385,5799349.959999999962747],[3430065.350000000093132,5799375.059999999590218],[3429961.970000000204891,5799426.750000000000000],[3429857.620000000111759,5799440.070000000298023]]]]}
multipolygon_02|{"type":"MultiPolygon","coordinates":[[[[3429700,5795852],[3429737,5795796],[3429755,5795769],[3429996,5795490],[3430101,5795436],[3430123,5795446],[3430138,5795561],[3430311,5795560],[3430310,5795471],[3430329,5795416],[3430327,5795400],[3430157,5795419],[3430156,5795407],[3430139,5795397],[3429983,5795394],[3429977,5795420],[3429790,5795419],[3429644,5795476],[3429636,5795615],[3429485,5795556],[3429315,5795496],[3429326,5795749],[3429130,5795705],[3429177,5795777],[3429101,5795797],[3428900,5795742],[3428896,5795780],[3428806,5795953],[3428898,5796025],[3428898,5796226],[3428696,5796199],[3428682,5796218],[3428680,5796290],[3428290,5796352],[3428390,5796414],[3428838,5796561],[3428991,5796495],[3429076,5796760],[3429428,5796724],[3429475,5796690],[3429696,5796601],[3429659,5796429],[3429536,5796364],[3429530,5796333],[3429446,5796254],[3429700,5795852]]],[[[3429858,5799440],[3429874,5799496],[3429905,5799504],[3429973,5799561],[3430035,5799577],[3430032,5799639],[3430140,5799691],[3430147,5799725],[3430272,5799793],[3430289,5799777],[3430313,5799663],[3430416,5799710],[3430419,5799614],[3430269,5799613],[3430291,5799204],[3430256,5799176],[3430215,5799347],[3430183,5799356],[3430181,5799366],[3430147,5799368],[3430142,5799350],[3430065,5799375],[3429962,5799427],[3429858,5799440]]]]}
multipolygon_03|{"type":"MultiPolygon","bbox":[3428290,5795394,3430419,5799793],"coordinates":[[[[3429700,5795852],[3429737,5795796],[3429755,5795769],[3429996,5795490],[3430101,5795436],[3430123,5795446],[3430138,5795561],[3430311,5795560],[3430310,5795471],[3430329,5795416],[3430327,5795400],[3430157,5795419],[3430156,5795407],[3430139,5795397],[3429983,5795394],[3429977,5795420],[3429790,5795419],[3429644,5795476],[3429636,5795615],[3429485,5795556],[3429315,5795496],[3429326,5795749],[3429130,5795705],[3429177,5795777],[3429101,5795797],[3428900,5795742],[3428896,5795780],[3428806,5795953],[3428898,5796025],[3428898,5796226],[3428696,5796199],[3428682,5796218],[3428680,5796290],[3428290,5796352],[3428390,5796414],[3428838,5796561],[3428991,5796495],[3429076,5796760],[3429428,5796724],[3429475,5796690],[3429696,5796601],[3429659,5796429],[3429536,5796364],[3429530,5796333],[3429446,5796254],[3429700,5795852]]],[[[3429858,5799440],[3429874,5799496],[3429905,5799504],[3429973,5799561],[3430035,5799577],[3430032,5799639],[3430140,5799691],[3430147,5799725],[3430272,5799793],[3430289,5799777],[3430313,5799663],[3430416,5799710],[3430419,5799614],[3430269,5799613],[3430291,5799204],[3430256,5799176],[3430215,5799347],[3430183,5799356],[3430181,5799366],[3430147,5799368],[3430142,5799350],[3430065,5799375],[3429962,5799427],[3429858,5799440]]]]}
multipolygon_04|{"type":"MultiPolygon","bbox":[3428290,5795394,3430419,5799793],"coordinates":[[[[3429700,5795852],[3429737,5795796],[3429755,5795769],[3429996,5795490],[3430101,5795436],[3430123,5795446],[3430138,5795561],[3430311,5795560],[3430310,5795471],[3430329,5795416],[3430327,5795400],[3430157,5795419],[3430156,5795407],[3430139,5795397],[3429983,5795394],[3429977,5795420],[3429790,5795419],[3429644,5795476],[3429636,5795615],[3429485,5795556],[3429315,5795496],[3429326,5795749],[3429130,5795705],[3429177,5795777],[3429101,5795797],[3428900,5795742],[3428896,5795780],[3428806,5795953],[3428898,5796025],[3428898,5796226],[3428696,5796199],[3428682,5796218],[3428680,5796290],[3428290,5796352],[3428390,5796414],[3428838,5796561],[3428991,5796495],[3429076,5796760],[3429428,5796724],[3429475,5796690],[3429696,5796601],[3429659,5796429],[3429536,5796364],[3429530,5796333],[3429446,5796254],[3429700,5795852]]],[[[3429858,5799440],[3429874,5799496],[3429905,5799504],[3429973,5799561],[3430035,5799577],[3430032,5799639],[3430140,5799691],[3430147,5799725],[3430272,5799793],[3430289,5799777],[3430313,5799663],[3430416,5799710],[3430419,5799614],[3430269,5799613],[3430291,5799204],[3430256,5799176],[3430215,5799347],[3430183,5799356],[3430181,5799366],[3430147,5799368],[3430142,5799350],[3430065,5799375],[3429962,5799427],[3429858,5799440]]]]}
multipolygon_05|{"type":"MultiPolygon","crs":{"type":"EPSG","properties":{"EPSG":31467}},"bbox":[3428290,5795394,3430419,5799793],"coordinates":[[[[3429700,5795852],[3429737,5795796],[3429755,5795769],[3429996,5795490],[3430101,5795436],[3430123,5795446],[3430138,5795561],[3430311,5795560],[3430310,5795471],[3430329,5795416],[3430327,5795400],[3430157,5795419],[3430156,5795407],[3430139,5795397],[3429983,5795394],[3429977,5795420],[3429790,5795419],[3429644,5795476],[3429636,5795615],[3429485,5795556],[3429315,5795496],[3429326,5795749],[3429130,5795705],[3429177,5795777],[3429101,5795797],[3428900,5795742],[3428896,5795780],[3428806,5795953],[3428898,5796025],[3428898,5796226],[3428696,5796199],[3428682,5796218],[3428680,5796290],[3428290,5796352],[3428390,5796414],[3428838,5796561],[3428991,5796495],[3429076,5796760],[3429428,5796724],[3429475,5796690],[3429696,5796601],[3429659,5796429],[3429536,5796364],[3429530,5796333],[3429446,5796254],[3429700,5795852]]],[[[3429858,5799440],[3429874,5799496],[3429905,5799504],[3429973,5799561],[3430035,5799577],[3430032,5799639],[3430140,5799691],[3430147,5799725],[3430272,5799793],[3430289,5799777],[3430313,5799663],[3430416,5799710],[3430419,5799614],[3430269,5799613],[3430291,5799204],[3430256,5799176],[3430215,5799347],[3430183,5799356],[3430181,5799366],[3430147,5799368],[3430142,5799350],[3430065,5799375],[3429962,5799427],[3429858,5799440]]]]}
geometrycollection_01|{"type":"GeometryCollection","geometries":[{"type":"MultiPoint","coordinates":[[3433276.430000000167638,5795308.929999999701977],[3428545.299999999813735,5795827.750000000000000],[3431576.990000000223517,5799084.190000000409782],[3431724.200000000186265,5797152.589999999850988],[3431984.200000000186265,5796564.790000000037253],[3435147.609999999869615,5797649.580000000074506],[3434660.859999999869615,5796941.740000000223517],[3434674.520000000018626,5797030.540000000037253],[3435714.359999999869615,5797022.599999999627471],[3436368.879999999888241,5796951.040000000037253],[3436730.029999999795109,5796768.599999999627471],[3435538.549999999813735,5796267.099999999627471],[3435847.220000000204891,5795917.959999999962747],[3434312.089999999850988,5794846.019999999552965],[3433121.689999999944121,5793670.730000000447035],[3433176.359999999869615,5793489.290000000037253],[3434316.040000000037253,5793940.089999999850988],[3433222.919999999925494,5793040.490000000223517],[3433416.129999999888241,5792891.620000000111759],[3430717.470000000204891,5792600.580000000074506],[3435384.080000000074506,5792877.679999999701977],[3435229.149999999906868,5792177.250000000000000],[3435120.000000000000000,5792319.070000000298023],[3435088.720000000204891,5792111.209999999962747],[3434484.890000000130385,5792110.200000000186265],[3435777.910000000149012,5792419.490000000223517],[3435717.370000000111759,5794318.120000000111759],[3436895.129999999888241,5794569.429999999701977],[3437621.859999999869615,5793931.599999999627471],[3435597.140000000130385,5793467.900000000372529],[3435246.509999999776483,5793394.629999999888241],[3434722.100000000093132,5793374.870000000111759],[3434712.160000000149012,5793810.299999999813735],[3434773.279999999795109,5793816.870000000111759],[3434629.910000000149012,5793855.309999999590218],[3434992.339999999850988,5794140.099999999627471],[3434927.129999999888241,5794252.290000000037253],[3434958.580000000074506,5794286.160000000149012],[3435120.479999999981374,5794163.360000000335276],[3435850.100000000093132,5791727.490000000223517],[3435930.750000000000000,5791636.320000000298023],[3436268.870000000111759,5791882.679999999701977],[3437110.229999999981374,5791664.120000000111759],[3435960.339999999850988,5790928.200000000186265],[3433545.810000000055879,5789755.429999999701977],[3439096.859999999869615,5790884.259999999776483],[3438576.870000000111759,5795046.690000000409782],[3438396.950000000186265,5794858.589999999850988],[3438193.250000000000000,5794695.599999999627471],[3438447.919999999925494,5796130.769999999552965],[3440688.220000000204891,5793670.370000000111759]]},{"type":"MultiLineString","coordinates":[[[3429562.600000000093132,5799490.679999999701977],[3429750.990000000223517,5799199.870000000111759],[3429825.450000000186265,5799078.389999999664724],[3429901.799999999813735,5798961.450000000186265],[3429995.540000000037253,5798822.929999999701977],[3430072.890000000130385,5798719.459999999962747],[3430216.000000000000000,5798558.950000000186265],[3430272.080000000074506,5798489.330000000074506],[3430393.870000000111759,5798328.509999999776483],[3430463.529999999795109,5798251.110000000335276],[3430532.220000000204891,5798190.160000000149012],[3430591.240000000223517,5798149.530000000260770],[3430667.669999999925494,5798108.900000000372529],[3430723.779999999795109,5798088.580000000074506],[3430797.330000000074506,5798067.950000000186265],[3430857.339999999850988,5798056.339999999850988],[3430912.520000000018626,5798051.500000000000000],[3430961.890000000130385,5798048.589999999850988],[3431052.879999999888241,5798053.429999999701977],[3431159.359999999869615,5798059.240000000223517],[3431218.410000000149012,5798061.179999999701977],[3431366.560000000055879,5798056.089999999850988],[3431474.069999999832362,5798044.469999999739230],[3431568.020000000018626,5798028.969999999739230],[3431644.529999999795109,5798012.509999999776483]],[[3433260.060000000055879,5797002.919999999925494],[3433234.609999999869615,5797070.250000000000000],[3433138.560000000055879,5797278.809999999590218],[3433074.189999999944121,5797398.940000000409782],[3433033.729999999981374,5797461.790000000037253],[3432961.430000000167638,5797551.839999999850988],[3432882.759999999776483,5797626.570000000298023],[3432780.319999999832362,5797701.089999999850988],[3432706.279999999795109,5797743.230000000447035],[3432542.660000000149012,5797808.049999999813735],[3432360.319999999832362,5797842.469999999739230],[3432258.520000000018626,5797836.769999999552965],[3432197.620000000111759,5797837.570000000298023],[3432081.750000000000000,5797865.639999999664724],[3431876.600000000093132,5797945.099999999627471],[3431865.149999999906868,5797948.730000000447035]],[[3431865.149999999906868,5797948.730000000447035],[3431644.529999999795109,5798012.509999999776483]],[[3431865.149999999906868,5797948.730000000447035],[3431815.750000000000000,5797807.759999999776483]],[[3433260.060000000055879,5797002.919999999925494],[3433361.189999999944121,5796788.540000000037253],[3433467.399999999906868,5796572.780000000260770],[3433670.600000000093132,5796160.059999999590218]],[[3433670.600000000093132,5796160.059999999590218],[3433709.270000000018626,5796096.879999999888241],[3433744.459999999962747,5796021.839999999850988],[3433861.979999999981374,5795869.379999999888241],[3434029.100000000093132,5795680.429999999701977],[3434229.419999999925494,5795456.339999999850988],[3434239.359999999869615,5795425.110000000335276],[3434296.020000000018626,5795363.179999999701977]]]}]}
geometrycollection_02|{"type":"GeometryCollection","geometries":[{"type":"MultiPoint","coordinates":[[3433276,5795309],[3428545,5795828],[3431577,5799084],[3431724,5797153],[3431984,5796565],[3435148,5797650],[3434661,5796942],[3434675,5797031],[3435714,5797023],[3436369,5796951],[3436730,5796769],[3435539,5796267],[3435847,5795918],[3434312,5794846],[3433122,5793671],[3433176,5793489],[3434316,5793940],[3433223,5793040],[3433416,5792892],[3430717,5792601],[3435384,5792878],[3435229,5792177],[3435120,5792319],[3435089,5792111],[3434485,5792110],[3435778,5792419],[3435717,5794318],[3436895,5794569],[3437622,5793932],[3435597,5793468],[3435247,5793395],[3434722,5793375],[3434712,5793810],[3434773,5793817],[3434630,5793855],[3434992,5794140],[3434927,5794252],[3434959,5794286],[3435120,5794163],[3435850,5791727],[3435931,5791636],[3436269,5791883],[3437110,5791664],[3435960,5790928],[3433546,5789755],[3439097,5790884],[3438577,5795047],[3438397,5794859],[3438193,5794696],[3438448,5796131],[3440688,5793670]]},{"type":"MultiLineString","coordinates":[[[3429563,5799491],[3429751,5799200],[3429825,5799078],[3429902,5798961],[3429996,5798823],[3430073,5798719],[3430216,5798559],[3430272,5798489],[3430394,5798329],[3430464,5798251],[3430532,5798190],[3430591,5798150],[3430668,5798109],[3430724,5798089],[3430797,5798068],[3430857,5798056],[3430913,5798052],[3430962,5798049],[3431053,5798053],[3431159,5798059],[3431218,5798061],[3431367,5798056],[3431474,5798044],[3431568,5798029],[3431645,5798013]],[[3433260,5797003],[3433235,5797070],[3433139,5797279],[3433074,5797399],[3433034,5797462],[3432961,5797552],[3432883,5797627],[3432780,5797701],[3432706,5797743],[3432543,5797808],[3432360,5797842],[3432259,5797837],[3432198,5797838],[3432082,5797866],[3431877,5797945],[3431865,5797949]],[[3431865,5797949],[3431645,5798013]],[[3431865,5797949],[3431816,5797808]],[[3433260,5797003],[3433361,5796789],[3433467,5796573],[3433671,5796160]],[[3433671,5796160],[3433709,5796097],[3433744,5796022],[3433862,5795869],[3434029,5795680],[3434229,5795456],[3434239,5795425],[3434296,5795363]]]}]}
geometrycollection_03|{"type":"GeometryCollection","bbox":[3428545,5789755,3440688,5799491],"geometries":[{"type":"MultiPoint","bbox":[3433276,5795309,3433276,5795309],"coordinates":[[3433276,5795309],[3428545,5795828],[3431577,5799084],[3431724,5797153],[3431984,5796565],[3435148,5797650],[3434661,5796942],[3434675,5797031],[3435714,5797023],[3436369,5796951],[3436730,5796769],[3435539,5796267],[3435847,5795918],[3434312,5794846],[3433122,5793671],[3433176,5793489],[3434316,5793940],[3433223,5793040],[3433416,5792892],[3430717,5792601],[3435384,5792878],[3435229,5792177],[3435120,5792319],[3435089,5792111],[3434485,5792110],[3435778,5792419],[3435717,5794318],[3436895,5794569],[3437622,5793932],[3435597,5793468],[3435247,5793395],[3434722,5793375],[3434712,5793810],[3434773,5793817],[3434630,5793855],[3434992,5794140],[3434927,5794252],[3434959,5794286],[3435120,5794163],[3435850,5791727],[3435931,5791636],[3436269,5791883],[3437110,5791664],[3435960,5790928],[3433546,5789755],[3439097,5790884],[3438577,5795047],[3438397,5794859],[3438193,5794696],[3438448,5796131],[3440688,5793670]]},{"type":"MultiLineString","bbox":[3429563,5798013,3431645,5799491],"coordinates":[[[3429563,5799491],[3429751,5799200],[3429825,5799078],[3429902,5798961],[3429996,5798823],[3430073,5798719],[3430216,5798559],[3430272,5798489],[3430394,5798329],[3430464,5798251],[3430532,5798190],[3430591,5798150],[3430668,5798109],[3430724,5798089],[3430797,5798068],[3430857,5798056],[3430913,5798052],[3430962,5798049],[3431053,5798053],[3431159,5798059],[3431218,5798061],[3431367,5798056],[3431474,5798044],[3431568,5798029],[3431645,5798013]],[[3433260,5797003],[3433235,5797070],[3433139,5797279],[3433074,5797399],[3433034,5797462],[3432961,5797552],[3432883,5797627],[3432780,5797701],[3432706,5797743],[3432543,5797808],[3432360,5797842],[3432259,5797837],[3432198,5797838],[3432082,5797866],[3431877,5797945],[3431865,5797949]],[[3431865,5797949],[3431645,5798013]],[[3431865,5797949],[3431816,5797808]],[[3433260,5797003],[3433361,5796789],[3433467,5796573],[3433671,5796160]],[[3433671,5796160],[3433709,5796097],[3433744,5796022],[3433862,5795869],[3434029,5795680],[3434229,5795456],[3434239,5795425],[3434296,5795363]]]}]}
geometrycollection_04|{"type":"GeometryCollection","bbox":[3428545,5789755,3440688,5799491],"geometries":[{"type":"MultiPoint","bbox":[3433276,5795309,3433276,5795309],"coordinates":[[3433276,5795309],[3428545,5795828],[3431577,5799084],[3431724,5797153],[3431984,5796565],[3435148,5797650],[3434661,5796942],[3434675,5797031],[3435714,5797023],[3436369,5796951],[3436730,5796769],[3435539,5796267],[3435847,5795918],[3434312,5794846],[3433122,5793671],[3433176,5793489],[3434316,5793940],[3433223,5793040],[3433416,5792892],[3430717,5792601],[3435384,5792878],[3435229,5792177],[3435120,5792319],[3435089,5792111],[3434485,5792110],[3435778,5792419],[3435717,5794318],[3436895,5794569],[3437622,5793932],[3435597,5793468],[3435247,5793395],[3434722,5793375],[3434712,5793810],[3434773,5793817],[3434630,5793855],[3434992,5794140],[3434927,5794252],[3434959,5794286],[3435120,5794163],[3435850,5791727],[3435931,5791636],[3436269,5791883],[3437110,5791664],[3435960,5790928],[3433546,5789755],[3439097,5790884],[3438577,5795047],[3438397,5794859],[3438193,5794696],[3438448,5796131],[3440688,5793670]]},{"type":"MultiLineString","bbox":[3429563,5798013,3431645,5799491],"coordinates":[[[3429563,5799491],[3429751,5799200],[3429825,5799078],[3429902,5798961],[3429996,5798823],[3430073,5798719],[3430216,5798559],[3430272,5798489],[3430394,5798329],[3430464,5798251],[3430532,5798190],[3430591,5798150],[3430668,5798109],[3430724,5798089],[3430797,5798068],[3430857,5798056],[3430913,5798052],[3430962,5798049],[3431053,5798053],[3431159,5798059],[3431218,5798061],[3431367,5798056],[3431474,5798044],[3431568,5798029],[3431645,5798013]],[[3433260,5797003],[3433235,5797070],[3433139,5797279],[3433074,5797399],[3433034,5797462],[3432961,5797552],[3432883,5797627],[3432780,5797701],[3432706,5797743],[3432543,5797808],[3432360,5797842],[3432259,5797837],[3432198,5797838],[3432082,5797866],[3431877,5797945],[3431865,5797949]],[[3431865,5797949],[3431645,5798013]],[[3431865,5797949],[3431816,5797808]],[[3433260,5797003],[3433361,5796789],[3433467,5796573],[3433671,5796160]],[[3433671,5796160],[3433709,5796097],[3433744,5796022],[3433862,5795869],[3434029,5795680],[3434229,5795456],[3434239,5795425],[3434296,5795363]]]}]}
geometrycollection_05|{"type":"GeometryCollection","crs":{"type":"EPSG","properties":{"EPSG":31467}},"bbox":[3428545,5789755,3440688,5799491],"geometries":[{"type":"MultiPoint","bbox":[3433276,5795309,3433276,5795309],"coordinates":[[3433276,5795309],[3428545,5795828],[3431577,5799084],[3431724,5797153],[3431984,5796565],[3435148,5797650],[3434661,5796942],[3434675,5797031],[3435714,5797023],[3436369,5796951],[3436730,5796769],[3435539,5796267],[3435847,5795918],[3434312,5794846],[3433122,5793671],[3433176,5793489],[3434316,5793940],[3433223,5793040],[3433416,5792892],[3430717,5792601],[3435384,5792878],[3435229,5792177],[3435120,5792319],[3435089,5792111],[3434485,5792110],[3435778,5792419],[3435717,5794318],[3436895,5794569],[3437622,5793932],[3435597,5793468],[3435247,5793395],[3434722,5793375],[3434712,5793810],[3434773,5793817],[3434630,5793855],[3434992,5794140],[3434927,5794252],[3434959,5794286],[3435120,5794163],[3435850,5791727],[3435931,5791636],[3436269,5791883],[3437110,5791664],[3435960,5790928],[3433546,5789755],[3439097,5790884],[3438577,5795047],[3438397,5794859],[3438193,5794696],[3438448,5796131],[3440688,5793670]]},{"type":"MultiLineString","bbox":[3429563,5798013,3431645,5799491],"coordinates":[[[3429563,5799491],[3429751,5799200],[3429825,5799078],[3429902,5798961],[3429996,5798823],[3430073,5798719],[3430216,5798559],[3430272,5798489],[3430394,5798329],[3430464,5798251],[3430532,5798190],[3430591,5798150],[3430668,5798109],[3430724,5798089],[3430797,5798068],[3430857,5798056],[3430913,5798052],[3430962,5798049],[3431053,5798053],[3431159,5798059],[3431218,5798061],[3431367,5798056],[3431474,5798044],[3431568,5798029],[3431645,5798013]],[[3433260,5797003],[3433235,5797070],[3433139,5797279],[3433074,5797399],[3433034,5797462],[3432961,5797552],[3432883,5797627],[3432780,5797701],[3432706,5797743],[3432543,5797808],[3432360,5797842],[3432259,5797837],[3432198,5797838],[3432082,5797866],[3431877,5797945],[3431865,5797949]],[[3431865,5797949],[3431645,5798013]],[[3431865,5797949],[3431816,5797808]],[[3433260,5797003],[3433361,5796789],[3433467,5796573],[3433671,5796160]],[[3433671,5796160],[3433709,5796097],[3433744,5796022],[3433862,5795869],[3434029,5795680],[3434229,5795456],[3434239,5795425],[3434296,5795363]]]}]}
ERROR:  GeoJson: 'Curve' geometry type not supported.
ERROR:  GeoJson: 'CompoundString' geometry type not supported.
ERROR:  GeoJson: 'Invalid type' geometry type not supported.
ERROR:  GeoJson: 'Invalid type' geometry type not supported.
ERROR:  GeoJson: 'Invalid type' geometry type not supported.
3D_01|{"type":"Point","coordinates":[1.000000000000000,1.000000000000000,1.000000000000000]}
3D_02|{"type":"Point","crs":{"type":"EPSG","properties":{"EPSG":4326}},"bbox":[1,1,1,1,1,1],"coordinates":[1,1,1]}
3D_03|{"type":"LineString","crs":{"type":"EPSG","properties":{"EPSG":4326}},"bbox":[1,1,1,4,4,4],"coordinates":[[1,1,1],[2,2,2],[3,3,3],[4,4,4]]}
3D_04|{"type":"Polygon","crs":{"type":"EPSG","properties":{"EPSG":4326}},"bbox":[1,0,0,5,5,5],"coordinates":[[[1,1,1],[2,2,2],[3,3,3],[4,4,4],[5,5,5],[5,0,0],[1,1,1]]]}
