500001|0.00
206360|122.32
206359|122.42
206361|122.72
206358|123.01
500000|0.00
134128|0.04
199066|0.04
155774|0.04
112482|0.04
50000|48969|1|1
50000|51031|2|2
50000|47938|3|3
50000|52062|4|4
50000|46907|5|5
50001|48970|1|1
50001|51032|2|2
50001|47939|3|3
50001|52063|4|4
50001|46908|5|5
61000|62031|1|1
61000|59969|1|1
61000|63062|3|3
61000|58938|4|4
61000|64093|5|5
70000|600001|1|1
70000|600002|1|1
70000|600004|1|1
70000|71031|4|4
70000|68969|5|5
500001|0.00
206360|122.32
206359|122.42
206361|122.72
206358|123.01
50000|48969|1|1
50000|51031|2|2
50000|47938|3|3
50000|52062|4|4
50000|46907|5|5
50001|48970|1|1
50001|51032|2|2
50001|47939|3|3
50001|52063|4|4
50001|46908|5|5
61000|62031|1|1
61000|59969|1|1
61000|63062|3|3
61000|58938|4|4
61000|64093|5|5
70000|600001|1|1
70000|600002|1|1
70000|600004|1|1
70000|71031|4|4
70000|68969|5|5
33768|1
33767|2
33587|3
33586|4
33769|5
500000|1
600003|2
2614|3
2615|4
2795|5
1000|t
2614|t
500000|t
33768
33767
33587
33586
33769
500000
600003
2614
2615
2795
1000|t
2614|t
500000|t
