ERROR:  ST_OffsetCurve only works with LineStrings
t0|SRID=42;LINESTRING(0 0,10 0)
t1|SRID=42;LINESTRING(0 10,10 10)
t2|SRID=42;LINESTRING(10 -10,0 -10)
t3|SRID=42;LINESTRING(10 -10,0 -10)
t4|SRID=42;LINESTRING(0 10,10 10)
t5|SRID=42;LINESTRING(20 10,20 0,20 -2,19 -4,18 -6,17 -7,16 -8,14 -9,12 -10,10 -10,0 -10)
t5b|SRID=42;LINESTRING EMPTY
t6|SRID=42;LINESTRING(20 10,20 0,17 -7,10 -10,0 -10)
t7|SRID=42;LINESTRING(20 10,20 0,10 -10,0 -10)
t8|SRID=42;LINESTRING(20 10,20 -10,0 -10)
t9|SRID=42;LINESTRING(14 14,21 -1,16 -9,0 -10)
t10|SRID=42;LINESTRING(0 2,7 2,3 9)
t10b|SRID=42;LINESTRING(0 2,7 2,3 9)
t11|LINESTRING(37.6 39.2,39.2 36.6,42 35.8,43 34.8,46.4 33.6,48.2 30,48.8 30,50.6 33.8,56.6 35)
t12|LINESTRING(57.4 31,53.4 30.2,51.2 26,45.8 26,43.6 30.4,41 31.2,40 32.2,36.8 33.4,34.4 36.8)
t13|LINESTRING(-2 0,-2 22,12 22,12 8,2 8)
t14|MULTILINESTRING((2 12,8 12,8 18,2 18,2 12),(2 8,2 0))
#2508|SRID=3003;MULTILINESTRING((1512791.44857303 5033501.35637357,1512886.87395408 5033297.46129895),(1512886.99032666 5033297.20319038,1512897.1991602 5033273.67722017),(1512885.66210128 5033236.08826452,1512890.26595037 5033228.07877261,1512897.22931749 5033224.42457186,1512905.44766781 5033225.27817271,1512914.29720813 5033232.37536627,1512918.13840118 5033239.14814261,1512916.51875418 5033244.28674288,1512909.22834056 5033250.06181115,1512900.0831264 5033251.5111571,1512898.19668594 5033252.00249771,1512896.44141333 5033252.85049018,1512895.50215215 5033253.42334885,1512895.4786614 5033253.32791179,1512894.74627304 5033251.69163836,1512893.73349894 5033250.21242503,1512886.6096487 5033241.58306744,1512885.66210128 5033236.08826452))
