scan_seq|Seq Scan
1327|POLYGON((15.5692750499584 49.9706791145727,13.2560270875692 49.5095857232809,14.5176787707023 49.0000041052699,13.1820961870253 50.0834704134613,15.9704583273269 50.6621779520065,15.8773630461656 49.0521578751504,15.5692750499584 49.9706791145727))
4314|POLYGON((13.0790668418631 50.9053272502497,14.0839773034677 50.3948586750776,15.9142268951982 49.4259484130889,14.0055697597563 50.7117853173986,14.6897359257564 49.000029200688,13.2052024467848 50.2461178805679,13.0790668418631 50.9053272502497))
13751|POLYGON((14.213352016639 49.2376104453579,14.0044958353974 49.2224639430642,15.8620875682682 49.2025971217081,14.4186701532453 50.2752562370151,15.557806326542 49.0000186171383,14.7920461259782 50.1026536831632,14.213352016639 49.2376104453579))
24171|POLYGON((15.7242577457801 49.2137786112726,13.774737867061 50.8628874467686,13.6512671541423 49.3601697431877,13.8280765675008 50.757046460174,13.8098544664681 49.8706277934834,13.2157741696574 49.0000170655549,15.7242577457801 49.2137786112726))
26879|POLYGON((13.4619434964843 50.2842414015904,13.614154827781 50.3636038806289,15.9598962883465 49.230288317427,13.0480250348337 50.4837918644771,13.1988006760366 50.2333288695663,13.8519203718752 49.000044872053,13.4619434964843 50.2842414015904))
29804|POLYGON((15.1242658225819 49.389625357464,15.4988420908339 49.1801203070208,14.9297034502961 49.6897858912125,13.1247444562614 50.2716115768999,13.0021966872737 49.0000464525074,14.4466905901209 49.7976559614763,15.1242658225819 49.389625357464))
30345|POLYGON((13.0082945805043 50.4108169004321,13.6393105760217 49.7581129316241,15.2040220242925 49.2568219341338,14.9341553067788 50.7816329998896,13.4415286588483 49.0000572698191,14.1706830793992 50.7739134076983,13.0082945805043 50.4108169004321))
scan_idx|Bitmap Heap Scan,Bitmap Index Scan
1327|POLYGON((15.5692750499584 49.9706791145727,13.2560270875692 49.5095857232809,14.5176787707023 49.0000041052699,13.1820961870253 50.0834704134613,15.9704583273269 50.6621779520065,15.8773630461656 49.0521578751504,15.5692750499584 49.9706791145727))
4314|POLYGON((13.0790668418631 50.9053272502497,14.0839773034677 50.3948586750776,15.9142268951982 49.4259484130889,14.0055697597563 50.7117853173986,14.6897359257564 49.000029200688,13.2052024467848 50.2461178805679,13.0790668418631 50.9053272502497))
13751|POLYGON((14.213352016639 49.2376104453579,14.0044958353974 49.2224639430642,15.8620875682682 49.2025971217081,14.4186701532453 50.2752562370151,15.557806326542 49.0000186171383,14.7920461259782 50.1026536831632,14.213352016639 49.2376104453579))
24171|POLYGON((15.7242577457801 49.2137786112726,13.774737867061 50.8628874467686,13.6512671541423 49.3601697431877,13.8280765675008 50.757046460174,13.8098544664681 49.8706277934834,13.2157741696574 49.0000170655549,15.7242577457801 49.2137786112726))
26879|POLYGON((13.4619434964843 50.2842414015904,13.614154827781 50.3636038806289,15.9598962883465 49.230288317427,13.0480250348337 50.4837918644771,13.1988006760366 50.2333288695663,13.8519203718752 49.000044872053,13.4619434964843 50.2842414015904))
29804|POLYGON((15.1242658225819 49.389625357464,15.4988420908339 49.1801203070208,14.9297034502961 49.6897858912125,13.1247444562614 50.2716115768999,13.0021966872737 49.0000464525074,14.4466905901209 49.7976559614763,15.1242658225819 49.389625357464))
30345|POLYGON((13.0082945805043 50.4108169004321,13.6393105760217 49.7581129316241,15.2040220242925 49.2568219341338,14.9341553067788 50.7816329998896,13.4415286588483 49.0000572698191,14.1706830793992 50.7739134076983,13.0082945805043 50.4108169004321))
