POINT(1 1)|02410202
POINT(1 1)|0341020202
POINT(78 -78)|0341139c019b01
POINT(123.456789 987.654321)|2241f4c0019a870c
LINESTRING(120 10, -50 20, 300 -2)|0342d80403f00114d30214bc052b
LINESTRING(120 10, -50 20, 300 -2)|2342d80403c0bb01d00fcf8902d00ff0a204af22
LINESTRING(120.54 10.78, -50.2 20.878, 300.789 -21)|0342d80403f20116d50214be0553
POLYGON((1 1, 1 2, 2 2, 2 1, 1 1))|034302010502020002020000010100
POLYGON((1 1, 1 20, 20 20, 20 1, 1 1),(3 3,3 4, 4 4,4 3,3 3))|0343020205020200262600002525000504040002020000010100
MULTIPOINT((1 1),(2 2))|02440202020202
MULTILINESTRING((1 1,1 2,2 2),(3 3,3 4,4 4))|0245020302020002020003020200020200
MULTIPOLYGON(((1 1, 1 2, 2 2, 2 1, 1 1)),((3 3,3 4,4 4,4 3,3 3)))|03460202010502020002020000010100010504040002020000010100
MULTIPOLYGON(((1 1, 1 20, 20 20, 20 1, 1 1),(3 3,3 4, 4 4,4 3,3 3)),((-1 1, -1 20, -20 20, -20 1, -1 1),(-3 3,-3 4, -4 4,-4 3,-3 3)))|0346020202050202002626000025250005040400020200000101000205070300262500002526000503040002010000010200
GEOMETRYCOLLECTION(POINT(1 1),LINESTRING(2 2,3 3))|024702410202420202020202
GEOMETRYCOLLECTION(MULTIPOINT(1 1,2 2),POINT(78 -78),POLYGON((1 1,1 2,2 2,2 1,1 1)))|0247034402020202024198019f0143010599019e010002020000010100
MULTIPOINT(1 1,2 2)|035502060202040202
GEOMETRYCOLLECTION(MULTIPOINT(1 1,2 2),POINT(78 -78),POLYGON((1 1,1 2,2 2,2 1,1 1)))|0387035501c8439c019b015701bd08010599019e01000202000001010058010602410000410202
