1|t|POLYGON((7.55 52.016666666666666,7.716666666666667 52.016666666666666,7.716666666666667 51.95,7.55 51.95,7.55 52.016666666666666))
2|t|POLYGON((7.55 52.016666666666666,7.716666666666667 52.016666666666666,7.716666666666667 51.95,7.55 51.95,7.55 52.016666666666666))
3|t|POLYGON((-58.795833333333334 -51.571111111111115,-58.41416666666667 -51.571111111111115,-58.41416666666667 -51.74722222222222,-58.795833333333334 -51.74722222222222,-58.795833333333334 -51.571111111111115))
4|t|POLYGON((-58.795833333333334 -51.571111111111115,-58.41416666666667 -51.571111111111115,-58.41416666666667 -51.74722222222222,-58.795833333333334 -51.74722222222222,-58.795833333333334 -51.571111111111115))
5|t|POLYGON((2.318055 51.195833,4.484444 51.195833,4.484444 49.618333,2.318055 49.618333,2.318055 51.195833))
6|t|POLYGON((2.318055 51.195833,4.484444 51.195833,4.484444 49.618333,2.318055 49.618333,2.318055 51.195833))
7|t|POLYGON((2.318055 51.195833,4.484444 51.195833,4.484444 49.618333,2.318055 49.618333,2.318055 51.195833))
8|t|POLYGON((2.318055 51.195833,4.484444 51.195833,4.484444 49.618333,2.318055 49.618333,2.318055 51.195833))
9|t|POLYGON((2.318055 51.195833,4.484444000000001 51.195833,4.484444000000001 49.618333,2.318055 49.618333,2.318055 51.195833))
10||
