#1|145|254.76
#1|144|258.46
#1|290|259.62
#1|143|262.35
#1|289|263.26
#2|3084|0.0094
#2|2497|0.0256
#2|3671|0.0444
#2|1910|0.0607
#2|4258|0.0794
#3|1|146|5.4390|5.4390
#3|1|2|7.9830|7.9830
#3|1|147|9.6598|9.6598
#3|1|291|10.8780|10.8780
#3|1|292|13.4929|13.4929
#3|500101|500000|0.0000|0.0000
#3|500101|600004|971.4947|971.4947
#3|500101|600001|1106.0791|1106.0791
#3|500101|600002|1210.3577|1210.3577
#3|500101|12905|1239.5484|1239.5484
#1|145|254.76
#1|144|258.46
#1|290|259.62
#1|143|262.35
#1|289|263.26
#2|3084|0.0094
#2|2497|0.0256
#2|3671|0.0444
#2|1910|0.0607
#2|4258|0.0794
#3|1|146|5.4390|5.4390
#3|1|2|7.9830|7.9830
#3|1|147|9.6598|9.6598
#3|1|291|10.8780|10.8780
#3|1|292|13.4929|13.4929
#3|500101|500000|0.0000|0.0000
#3|500101|600004|971.4947|971.4947
#3|500101|600001|1106.0791|1106.0791
#3|500101|600002|1210.3577|1210.3577
#3|500101|12905|1239.5484|1239.5484
#1g|500000|0.0000|0.0000
#1g|600003|69974.6935|69974.6935
#1g|2614|70976.1794|70976.1794
#1g|2615|75048.8551|75048.8551
#1g|2795|86965.9298|86965.9298
#2g|31244|4189.9122|4189.9122
#2g|31061|6756.6424|6756.6424
#2g|30878|15161.4706|15161.4706
#2g|30695|21264.3654|21264.3654
#2g|30512|25313.2118|25313.2118
#3g|1000|t
#3g|500000|t
#1g|500000|0.0000|0.0000
#1g|600003|69974.6935|69974.6935
#1g|2614|70976.1794|70976.1794
#1g|2615|75048.8551|75048.8551
#1g|2795|86965.9298|86965.9298
#2g|31244|4189.9122|4189.9122
#2g|31061|6756.6424|6756.6424
#2g|30878|15161.4706|15161.4706
#2g|30695|21264.3654|21264.3654
#2g|30512|25313.2118|25313.2118
#3g|1000|t
#3g|500000|t
#1nd-3|289|260.6797|260.6797
#1nd-3|287|264.3000|264.3000
#1nd-3|579|265.4356|265.4356
#1nd-3|285|268.1092|268.1092
#1nd-3|577|268.9919|268.9919
#2nd-3|9749|3.7272|3.7272
#2nd-3|600001|3.9451|3.9451
#2nd-3|600002|3.9950|3.9950
#2nd-3|9747|4.1707|4.1707
#2nd-3|10039|6.1761|6.1761
#3nd-3|1|291|5.4390|5.4390
#3nd-3|1|3|7.9830|7.9830
#3nd-3|1|293|9.6598|9.6598
#3nd-3|1|581|10.8780|10.8780
#3nd-3|1|583|13.4929|13.4929
#3nd-3|600001|600002|0.0000|0.0000
#3nd-3|600001|9751|54.2730|54.2730
#3nd-3|600001|9461|54.3900|54.3900
#3nd-3|600001|9749|54.5453|54.5453
#3nd-3|600001|10041|54.6233|54.6233
#1nd-3|289|260.6797|260.6797
#1nd-3|287|264.3000|264.3000
#1nd-3|579|265.4356|265.4356
#1nd-3|285|268.1092|268.1092
#1nd-3|577|268.9919|268.9919
#2nd-3|9749|3.7272|3.7272
#2nd-3|600001|3.9451|3.9451
#2nd-3|600002|3.9950|3.9950
#2nd-3|9747|4.1707|4.1707
#2nd-3|10039|6.1761|6.1761
#3nd-3|1|291|5.4390|5.4390
#3nd-3|1|3|7.9830|7.9830
#3nd-3|1|293|9.6598|9.6598
#3nd-3|1|581|10.8780|10.8780
#3nd-3|1|583|13.4929|13.4929
#3nd-3|600001|600002|0.0000|0.0000
#3nd-3|600001|9751|54.2730|54.2730
#3nd-3|600001|9461|54.3900|54.3900
#3nd-3|600001|9749|54.5453|54.5453
#3nd-3|600001|10041|54.6233|54.6233
#3573|8
#3418|0.3318238|0.3318238
#3418|0.5500000|0.5500000
