21|MULTIPOLYGON(((0 0.1 -0.01,0.2 10.3 -0.02,10.4 10.5 -0.03,10.7 0.6 -0.04,0 0.1 -0.01)))
127|GEOMETRYCOLLECTION(POLYGON((0 0.1,0.2 10.3,10.4 10.5,10.7 0.6,0 0.1)),POLYGON((0 0.1,0.2 10.3,10.4 10.5,10.7 0.6,0 0.1),(2 2,2 3,3 3,3 2,2 2)))
120|GEOMETRYCOLLECTION(POLYGON((0 0.1,0.2 10.3,10.4 10.5,10.7 0.6,0 0.1)))
122|GEOMETRYCOLLECTION(POLYGON((0 0.1,0.2 10.3,10.4 10.5,10.7 0.6,0 0.1),(2 2,2 3,3 3,3 2,2 2)))
27|MULTIPOLYGON(((0 0.1,0.2 10.3,10.4 10.5,10.7 0.6,0 0.1)),((0 0.1,0.2 10.3,10.4 10.5,10.7 0.6,0 0.1),(2 2,2 3,3 3,3 2,2 2)))
121|GEOMETRYCOLLECTION(POLYGON((0 0.1 -0.01,0.2 10.3 -0.02,10.4 10.5 -0.03,10.7 0.6 -0.04,0 0.1 -0.01)))
123|GEOMETRYCOLLECTION(POLYGON((0 0.1 -0.01,0.2 10.3 -0.02,10.4 10.5 -0.03,10.7 0.6 -0.04,0 0.1 -0.01),(2 2 -0.01,2 3 -0.01,3 3 -0.01,3 2 -0.01,2 2 -0.01)))
125|GEOMETRYCOLLECTION(POLYGON((0 0.1,0.2 10.3,10.4 10.5,10.7 0.6,0 0.1)),POLYGON((0 0.1,0.2 10.3,10.4 10.5,10.7 0.6,0 0.1)))
20|MULTIPOLYGON(((0 0.1,0.2 10.3,10.4 10.5,10.7 0.6,0 0.1)))
22|MULTIPOLYGON(((0 0.1,0.2 10.3,10.4 10.5,10.7 0.6,0 0.1),(2 2,2 3,3 3,3 2,2 2)))
23|MULTIPOLYGON(((0 0.1 -0.01,0.2 10.3 -0.02,10.4 10.5 -0.03,10.7 0.6 -0.04,0 0.1 -0.01),(2 2 -0.01,2 3 -0.01,3 3 -0.01,3 2 -0.01,2 2 -0.01)))
24|MULTIPOLYGON(((0 0.1 -0.01,0.2 10.3 -0.02,10.4 10.5 -0.03,10.7 0.6 -0.04,0 0.1 -0.01),(2 2 -0.01,2 3 -0.01,3 3 -0.01,3 2 -0.01,2 2 -0.01),(4 2 0,4 3 0,5 3 0,5 2 0,4 2 0)))
25|MULTIPOLYGON(((0 0.1,0.2 10.3,10.4 10.5,10.7 0.6,0 0.1)),((0 0.1,0.2 10.3,10.4 10.5,10.7 0.6,0 0.1)))
26|MULTIPOLYGON(((0 0.1 0,0.2 10.3 0,10.4 10.5 0,10.7 0.6 0,0 0.1 0)),((0 0.1 -0.01,0.2 10.3 -0.02,10.4 10.5 -0.03,10.7 0.6 -0.04,0 0.1 -0.01)))
28|MULTIPOLYGON(((0 0.1 0,0.2 10.3 0,10.4 10.5 0,10.7 0.6 0,0 0.1 0)),((0 0.1 -0.01,0.2 10.3 -0.02,10.4 10.5 -0.03,10.7 0.6 -0.04,0 0.1 -0.01),(2 2 -0.01,2 3 -0.01,3 3 -0.01,3 2 -0.01,2 2 -0.01)))
29|MULTIPOLYGON(((0 0.1 0,0.2 10.3 0,10.4 10.5 0,10.7 0.6 0,0 0.1 0)),((0 0.1 -0.01,0.2 10.3 -0.02,10.4 10.5 -0.03,10.7 0.6 -0.04,0 0.1 -0.01),(2 2 -0.01,2 3 -0.01,3 3 -0.01,3 2 -0.01,2 2 -0.01),(4 2 0,4 3 0,5 3 0,5 2 0,4 2 0)))
30|MULTIPOLYGON(((0 0.1 -0.01,0.2 10.3 -0.02,10.4 10.5 -0.03,10.7 0.6 -0.04,0 0.1 -0.01),(2 2 -0.01,2 3 -0.01,3 3 -0.01,3 2 -0.01,2 2 -0.01)),((0 0.1 0,0.2 10.3 0,10.4 10.5 0,10.7 0.6 0,0 0.1 0)))
31|MULTIPOLYGON(((0 0.1 -0.01,0.2 10.3 -0.02,10.4 10.5 -0.03,10.7 0.6 -0.04,0 0.1 -0.01),(2 2 -0.01,2 3 -0.01,3 3 -0.01,3 2 -0.01,2 2 -0.01)),((0 0.1 -0.01,0.2 10.3 -0.02,10.4 10.5 -0.03,10.7 0.6 -0.04,0 0.1 -0.01)))
32|MULTIPOLYGON(((0 0.1 -0.01,0.2 10.3 -0.02,10.4 10.5 -0.03,10.7 0.6 -0.04,0 0.1 -0.01),(2 2 -0.01,2 3 -0.01,3 3 -0.01,3 2 -0.01,2 2 -0.01)),((0 0.1 0,0.2 10.3 0,10.4 10.5 0,10.7 0.6 0,0 0.1 0),(2 2 0,2 3 0,3 3 0,3 2 0,2 2 0)))
33|MULTIPOLYGON(((0 0.1 -0.01,0.2 10.3 -0.02,10.4 10.5 -0.03,10.7 0.6 -0.04,0 0.1 -0.01),(2 2 -0.01,2 3 -0.01,3 3 -0.01,3 2 -0.01,2 2 -0.01)),((0 0.1 -0.01,0.2 10.3 -0.02,10.4 10.5 -0.03,10.7 0.6 -0.04,0 0.1 -0.01),(2 2 -0.01,2 3 -0.01,3 3 -0.01,3 2 -0.01,2 2 -0.01)))
34|MULTIPOLYGON(((0 0.1 -0.01,0.2 10.3 -0.02,10.4 10.5 -0.03,10.7 0.6 -0.04,0 0.1 -0.01),(2 2 -0.01,2 3 -0.01,3 3 -0.01,3 2 -0.01,2 2 -0.01)),((0 0.1 -0.01,0.2 10.3 -0.02,10.4 10.5 -0.03,10.7 0.6 -0.04,0 0.1 -0.01),(2 2 -0.01,2 3 -0.01,3 3 -0.01,3 2 -0.01,2 2 -0.01),(4 2 0,4 3 0,5 3 0,5 2 0,4 2 0)))
124|GEOMETRYCOLLECTION(POLYGON((0 0.1 -0.01,0.2 10.3 -0.02,10.4 10.5 -0.03,10.7 0.6 -0.04,0 0.1 -0.01),(2 2 -0.01,2 3 -0.01,3 3 -0.01,3 2 -0.01,2 2 -0.01),(4 2 0,4 3 0,5 3 0,5 2 0,4 2 0)))
126|GEOMETRYCOLLECTION(POLYGON((0 0.1 0,0.2 10.3 0,10.4 10.5 0,10.7 0.6 0,0 0.1 0)),POLYGON((0 0.1 -0.01,0.2 10.3 -0.02,10.4 10.5 -0.03,10.7 0.6 -0.04,0 0.1 -0.01)))
132|MULTIPOLYGON(((0 0.1 -0.01,0.2 10.3 -0.02,10.4 10.5 -0.03,10.7 0.6 -0.04,0 0.1 -0.01),(2 2 -0.01,2 3 -0.01,3 3 -0.01,3 2 -0.01,2 2 -0.01)),((0 0.1 0,0.2 10.3 0,10.4 10.5 0,10.7 0.6 0,0 0.1 0),(2 2 0,2 3 0,3 3 0,3 2 0,2 2 0)))
128|GEOMETRYCOLLECTION(POLYGON((0 0.1 0,0.2 10.3 0,10.4 10.5 0,10.7 0.6 0,0 0.1 0)),POLYGON((0 0.1 -0.01,0.2 10.3 -0.02,10.4 10.5 -0.03,10.7 0.6 -0.04,0 0.1 -0.01),(2 2 -0.01,2 3 -0.01,3 3 -0.01,3 2 -0.01,2 2 -0.01)))
129|GEOMETRYCOLLECTION(POLYGON((0 0.1 0,0.2 10.3 0,10.4 10.5 0,10.7 0.6 0,0 0.1 0)),POLYGON((0 0.1 -0.01,0.2 10.3 -0.02,10.4 10.5 -0.03,10.7 0.6 -0.04,0 0.1 -0.01),(2 2 -0.01,2 3 -0.01,3 3 -0.01,3 2 -0.01,2 2 -0.01),(4 2 0,4 3 0,5 3 0,5 2 0,4 2 0)))
130|MULTIPOLYGON(((0 0.1 -0.01,0.2 10.3 -0.02,10.4 10.5 -0.03,10.7 0.6 -0.04,0 0.1 -0.01),(2 2 -0.01,2 3 -0.01,3 3 -0.01,3 2 -0.01,2 2 -0.01)),((0 0.1 0,0.2 10.3 0,10.4 10.5 0,10.7 0.6 0,0 0.1 0)))
131|MULTIPOLYGON(((0 0.1 -0.01,0.2 10.3 -0.02,10.4 10.5 -0.03,10.7 0.6 -0.04,0 0.1 -0.01),(2 2 -0.01,2 3 -0.01,3 3 -0.01,3 2 -0.01,2 2 -0.01)),((0 0.1 -0.01,0.2 10.3 -0.02,10.4 10.5 -0.03,10.7 0.6 -0.04,0 0.1 -0.01)))
133|MULTIPOLYGON(((0 0.1 -0.01,0.2 10.3 -0.02,10.4 10.5 -0.03,10.7 0.6 -0.04,0 0.1 -0.01),(2 2 -0.01,2 3 -0.01,3 3 -0.01,3 2 -0.01,2 2 -0.01)),((0 0.1 -0.01,0.2 10.3 -0.02,10.4 10.5 -0.03,10.7 0.6 -0.04,0 0.1 -0.01),(2 2 -0.01,2 3 -0.01,3 3 -0.01,3 2 -0.01,2 2 -0.01)))
134|MULTIPOLYGON(((0 0.1 -0.01,0.2 10.3 -0.02,10.4 10.5 -0.03,10.7 0.6 -0.04,0 0.1 -0.01),(2 2 -0.01,2 3 -0.01,3 3 -0.01,3 2 -0.01,2 2 -0.01)),((0 0.1 -0.01,0.2 10.3 -0.02,10.4 10.5 -0.03,10.7 0.6 -0.04,0 0.1 -0.01),(2 2 -0.01,2 3 -0.01,3 3 -0.01,3 2 -0.01,2 2 -0.01),(4 2 0,4 3 0,5 3 0,5 2 0,4 2 0)))
-9|POLYGON((0 0.1,0.2 10.3,10.4 10.5,10.7 0.6,0 0.1))
-10|POLYGON((0 0.1 -0.01,0.2 10.3 -0.02,10.4 10.5 -0.03,10.7 0.6 -0.04,0 0.1 -0.01))
-11|POLYGON((0 0.1,0.2 10.3,10.4 10.5,10.7 0.6,0 0.1),(2 2,2 3,3 3,3 2,2 2))
-12|POLYGON((0 0.1 -0.01,0.2 10.3 -0.02,10.4 10.5 -0.03,10.7 0.6 -0.04,0 0.1 -0.01),(2 2 -0.01,2 3 -0.01,3 3 -0.01,3 2 -0.01,2 2 -0.01))
-13|POLYGON((0 0.1 -0.01,0.2 10.3 -0.02,10.4 10.5 -0.03,10.7 0.6 -0.04,0 0.1 -0.01),(2 2 -0.01,2 3 -0.01,3 3 -0.01,3 2 -0.01,2 2 -0.01),(4 2 0,4 3 0,5 3 0,5 2 0,4 2 0))
BOX(0 0.1,11 12)
BOX3D(0 0.1 -55,11 12 12)
11184
15824
20464
15824
11184
#3057|SRID=4326;POINT(1 1 0)
#3057|SRID=4326;POINT(1 1 1)
#3057|SRID=4326;POINT(1 1 0)
#3057|SRID=4326;POINT(1 1 1)
#3057|SRID=4326;POINTM(1 1 0)
#3057|SRID=4326;POINTM(1 1 2)
#3057|SRID=4326;POINT(1 1 0 0)
#3057|SRID=4326;POINT(1 1 1 2)
#3069|Point[S]
#3069|LineString[S] with 2 points
#3069|MultiPoint[S] with 1 element:   Point[S]
#3069|MultiLineString[S] with 1 element:   LineString[S] with 2 points
#3069|Polygon[BS] with 1 ring:    ring 0 has 5 points
#3069|BOX(1 1,1 1)
#3069|BOX(0 0,1 1)
#3069|BOX(0 0,1 1)
#3069|BOX(1 1,1 1)
#3069|BOX(0 0,1 1)
#2902|GeometryCollection[ZBS] with 3 elements:   Polygon[ZS] with 1 ring:    ring 0 has 5 points   Point[ZS]   MultiLineString[ZS] with 1 element:     LineString[ZS] with 2 points
BoundingDiagonal1|SRID=4326;LINESTRING(999999986991104 999999986991104,1e+15 1e+15)
BoundingDiagonal2|SRID=4326;LINESTRING(1e+15 1e+15,1e+15 1e+15)
BoundingDiagonal3|SRID=4326;LINESTRING(999999986991104 999999986991104,1e+15 1e+15)
BoundingDiagonal4|SRID=3857;LINESTRING(-1 -2 -8 2,1 2 3 9)
BoundingDiagonal5|SRID=3857;LINESTRINGM(4 4 0,5 4 1)
BoundingDiagonal6|SRID=3857;LINESTRINGM EMPTY
ST_Azimuth_regular|2.3562
ST_Azimuth_same_point|
ERROR:  Operation on mixed SRID geometries
ERROR:  Argument must be POINT geometries
ERROR:  parse error - invalid geometry
ST_Angle_4_pts|4.712389
ST_Angle_4_pts|0.785398
ST_Angle_3_pts|1.570796
ERROR:  Operation on mixed SRID geometries
ERROR:  Empty geometry
ST_Angle_2_lines|4.712389
#3965|25|25
#3971|t
#4071|2|3|4
typmod_point_4326|(Point,4326)
typmod_point_0|(Point)
NOTICE:  SRID value -1 converted to the officially unknown SRID value 0
typmod_point_-1|(Point)
typmod_pointzm_0|(PointZM)
typmod_geometry_0|
typmod_geometry_4326|(Geometry,4326)
ERROR:  Invalid geometry type modifier: Geogrpahy
