1|NURBSCURVE(1,(0 0,10 10),(1,1),(0,0,1,1))
2|NURBSCURVE(1,(0 0,5 5,10 0),(1,1,1),(0,0,0.5,1,1))
3|NURBSCURVE(1,(0 0,10 10),(1,1),(0,0,1,1))
4|NURBSCURVE(1,(0 0,10 10),(0.5,2),(0,0,1,1))
5|NURBSCURVE(1,(0 0,5 5,10 0),(1,1.5,1),(0,0,0.5,1,1))
6|NURBSCURVE(1,(0 0,10 10),(1,1),(0,0,1,1))
7|NURBSCURVE(1,(0 0,5 5,10 0),(1,1,1),(0,0,0.5,1,1))
8|NURBSCURVE(2,(0 0,5 10,10 0),(1,1,1),(0,0,0,1,1,1))
9|NURBSCURVE(2,(1 0,1 1,0 1),(1,1,1),(0,0,0,1,1,1))
10|NURBSCURVE(2,(-5 -5,0 10,5 -5),(1,1,1),(0,0,0,1,1,1))
11|NURBSCURVE(2,(0 0,2 8,8 2,10 10),(1,1,1,1),(0,0,0,0.5,1,1,1))
12|NURBSCURVE(2,(0 0,5 10,10 0),(1,1,1),(0,0,0,1,1,1))
13|NURBSCURVE(2,(1 0,1 1,0 1),(1,0.5,1),(0,0,0,1,1,1))
14|NURBSCURVE(2,(0 0,5 10,10 0),(1,3,1),(0,0,0,1,1,1))
15|NURBSCURVE(2,(0 0,5 10,10 0),(0.5,1,0.5),(0,0,0,1,1,1))
16|NURBSCURVE(2,(0.5 0.25,2.75 5.5,5 0.25),(1,1.5,1),(0,0,0,1,1,1))
17|NURBSCURVE(2,(0 0,5 10,10 0),(1,1,1),(0,0,0,1,1,1))
18|NURBSCURVE(2,(1 0,1 1,0 1),(1,0.5,1),(0,0,0,1,1,1))
19|NURBSCURVE(3,(0 0,3 10,7 10,10 0),(1,1,1,1),(0,0,0,0,1,1,1,1))
20|NURBSCURVE(3,(0 0,2 8,5 12,8 8,10 0),(1,1,1,1,1),(0,0,0,0,0.5,1,1,1,1))
21|NURBSCURVE(3,(5 0,10 2.5,10 7.5,5 10,0 7.5,0 2.5,5 0),(1,1,1,1,1,1,1),(0,0,0,0,0.25,0.5,0.75,1,1,1,1))
22|NURBSCURVE(3,(0 0,5 5,10 0,15 -5,20 0),(1,1,1,1,1),(0,0,0,0,0.5,1,1,1,1))
23|NURBSCURVE(3,(0 0,3 10,7 10,10 0),(1,1,1,1),(0,0,0,0,1,1,1,1))
24|NURBSCURVE(3,(0 0,3 10,7 10,10 0),(1,2,2,1),(0,0,0,0,1,1,1,1))
25|NURBSCURVE(3,(0 0,3 10,7 10,10 0),(0.5,1.5,2,0.8),(0,0,0,0,1,1,1,1))
26|NURBSCURVE(3,(0 0,2 8,5 12,8 8,10 0),(1,3,5,3,1),(0,0,0,0,0.5,1,1,1,1))
27|NURBSCURVE(3,(0 0,3 10,7 10,10 0),(1,1,1,1),(0,0,0,0,1,1,1,1))
28|NURBSCURVE(3,(0 0,3 10,7 10,10 0),(1,2,2,1),(0,0,0,0,1,1,1,1))
29|NURBSCURVE(3,(0 0,3 10,7 10,10 0),(1,1,1,1),(0,0,0,0,0.3,0.7,1,1))
30|NURBSCURVE(4,(0 0,2 8,5 12,8 8,10 0),(1,1,1,1,1),(0,0,0,0,0,1,1,1,1,1))
31|NURBSCURVE(4,(0 0,1 5,3 8,7 6,10 10,12 0),(1,1,1,1,1,1),(0,0,0,0,0,0.5,1,1,1,1,1))
32|NURBSCURVE(4,(0 0,2 8,5 12,8 8,10 0),(1,1.5,2,1.5,1),(0,0,0,0,0,1,1,1,1,1))
33|NURBSCURVE(4,(0 0,2 8,5 12,8 8,10 0),(1,1,1,1,1),(0,0,0,0,0,1,1,1,1,1))
34|NURBSCURVE(5,(0 0,1 2,3 4,5 6,7 4,8 2,10 0),(1,1,1,1,1,1,1),(0,0,0,0,0,0,0.5,1,1,1,1,1,1))
35|NURBSCURVE Z (1,(0 0 0,10 10 5),(1,1),(0,0,1,1))
36|NURBSCURVE Z (2,(0 0 0,5 10 5,10 0 0),(1,1,1),(0,0,0,1,1,1))
37|NURBSCURVE Z (2,(0 0 0,5 10 5,10 0 0),(1,2,1),(0,0,0,1,1,1))
38|NURBSCURVE Z (3,(0 0 0,3 10 3,7 10 7,10 0 10),(1,1,1,1),(0,0,0,0,1,1,1,1))
39|NURBSCURVE Z (3,(0 0 0,3 10 3,7 10 7,10 0 10),(1,1.5,1.5,1),(0,0,0,0,1,1,1,1))
40|NURBSCURVE M (1,(0 0 0,10 10 3600),(1,1),(0,0,1,1))
41|NURBSCURVE M (2,(0 0 0,5 10 1800,10 0 3600),(1,1,1),(0,0,0,1,1,1))
42|NURBSCURVE M (2,(0 0 0,5 10 1800,10 0 3600),(1,2,1),(0,0,0,1,1,1))
43|NURBSCURVE ZM (1,(0 0 0 0,10 10 5 3600),(1,1),(0,0,1,1))
44|NURBSCURVE ZM (2,(0 0 0 0,5 10 5 1800,10 0 0 3600),(1,1,1),(0,0,0,1,1,1))
45|NURBSCURVE ZM (2,(0 0 0 0,5 10 5 1800,10 0 0 3600),(1,2,1),(0,0,0,1,1,1))
46|NURBSCURVE ZM (3,(0 0 0 0,3 10 3 1200,7 10 7 2400,10 0 10 3600),(1,1.5,1.5,1),(0,0,0,0,1,1,1,1))
47|NURBSCURVE(2,(1 0,1 1,0 1),(1,0.5,1),(0,0,0,1,1,1))
48|NURBSCURVE(2,(2 0,2 1,0 1),(1,0.5,1),(0,0,0,1,1,1))
49|NURBSCURVE(2,(0 0,1 1,2 0),(1,1,1),(0,0,0,1,1,1))
50|NURBSCURVE(2,(0 0,5 5,10 0),(1,1,1),(0,0,0,1,1,1))
51|NURBSCURVE(2,(0 0,1 2,2 1,3 3,4 2,5 4,6 3,7 5,8 4,9 6,10 5),(1,1,1,1,1,1,1,1,1,1,1),(0,0,0,0.11,0.22,0.33,0.44,0.56,0.67,0.78,0.89,1,1,1))
