ERROR:  lwgeom_offsetcurve: input is not linear
t0|SRID=42;LINESTRING(0 0,10 0)
t1|SRID=42;LINESTRING(0 10,10 10)
t2|SRID=42;LINESTRING(10 -10,0 -10)
t3|SRID=42;LINESTRING(10 -10,0 -10)
t4|SRID=42;LINESTRING(0 10,10 10)
t5|SRID=42;LINESTRING(20 10,20 0,20 -2,19 -4,18 -6,17 -7,16 -8,14 -9,12 -10,10 -10,0 -10)
t5b|SRID=42;LINESTRING EMPTY
t6|SRID=42;LINESTRING(20 10,20 0,17 -7,10 -10,0 -10)
t7|SRID=42;LINESTRING(20 10,20 0,10 -10,0 -10)
t8|SRID=42;LINESTRING(20 10,20 -10,0 -10)
t9|SRID=42;LINESTRING(14 14,21 -1,16 -9,0 -10)
t10|SRID=42;LINESTRING(0 2,7 2,3 9)
t10b|SRID=42;LINESTRING(0 2,7 2,3 9)
t11|LINESTRING(37.600000000000001 39.200000000000003,39.200000000000003 36.600000000000001,42 35.800000000000004,43 34.800000000000004,46.400000000000006 33.600000000000001,48.200000000000003 30,48.800000000000004 30,50.600000000000001 33.800000000000004,56.600000000000001 35)
t12|LINESTRING(57.400000000000006 31,53.400000000000006 30.200000000000003,51.200000000000003 26,45.800000000000004 26,43.600000000000001 30.400000000000002,41 31.200000000000003,40 32.200000000000003,36.800000000000004 33.399999999999999,34.399999999999999 36.800000000000004)
t13|LINESTRING(-2 0,-2 22,12 22,12 8,2 8)
t14|MULTILINESTRING((2 12,8 12,8 18,2 18,2 12),(2 8,2 0))
t15|MULTILINESTRING((2 12,8 12,8 18,2 18,2 12),(2 8,2 0),(4 12,10 12,10 18,4 18,4 12),(4 8,4 0),(5 12,11 12,11 18,5 18,5 12),(5 8,5 0))
#2508|t
