point quadsegs=2|POLYGON((1 0,0.707107 -0.707107,0 -1,-0.707107 -0.707107,-1 0,-0.707107 0.707107,0 1,0.707107 0.707107,1 0))
line quadsegs=2|POLYGON((10 2,11.414213999999999 1.414214,12 0,11.414213999999999 -1.414214,10 -2,0 -2,-1.414214 -1.414214,-2 0,-1.414214 1.414214,0 2,10 2))
line quadsegs=2 endcap=flat|POLYGON((10 2,10 -2,0 -2,0 2,10 2))
line quadsegs=2 endcap=butt|POLYGON((10 2,10 -2,0 -2,0 2,10 2))
line quadsegs=2 endcap=square|POLYGON((10 2,12 2,12 -2,0 -2,-2 -2,-2 2,10 2))
line join=mitre mitre_limit=1.0 side=both|POLYGON((148.123572999999993 161.601163999999983,159.530095999999986 156.876427000000007,160 50,159.807852999999994 48.049096999999996,159.238794999999982 46.173165999999995,158.314695999999998 44.444297999999996,157.071067999999997 42.928931999999996,155.555701999999997 41.685303999999995,153.826833999999991 40.761204999999997,151.950902999999983 40.192146999999999,150 40,148.049096999999989 40.192146999999999,146.173165999999981 40.761204999999997,144.444298000000003 41.685303999999995,142.928932000000003 42.928931999999996,141.685304000000002 44.444297999999996,140.76120499999999 46.173165999999995,140.192147000000006 48.049096999999996,140 50,140 125.857863999999992,57.071067999999997 42.928931999999996,55.555701999999997 41.685303999999995,53.826833999999998 40.761204999999997,51.950902999999997 40.192146999999999,50 40,48.049096999999996 40.192146999999999,46.173165999999995 40.761204999999997,44.444297999999996 41.685303999999995,42.928931999999996 42.928931999999996,41.685303999999995 44.444297999999996,40.761204999999997 46.173165999999995,40.192146999999999 48.049096999999996,40 50,40.192146999999999 51.950902999999997,40.761204999999997 53.826833999999998,41.685303999999995 55.555701999999997,42.928931999999996 57.071067999999997,148.123572999999993 161.601163999999983))
line side=left|POLYGON((150 50,150 150,50 50,42.928931999999996 57.071067999999997,142.928932000000003 157.071067999999997,144.444298000000003 158.314695999999998,146.173165999999981 159.238794999999982,148.049096999999989 159.807852999999994,150 160,151.950902999999983 159.807852999999994,153.826833999999991 159.238794999999982,155.555701999999997 158.314695999999998,157.071067999999997 157.071067999999997,158.314695999999998 155.555701999999997,159.238794999999982 153.826833999999991,159.807852999999994 151.950902999999983,160 150,160 50,150 50))
line side=right|POLYGON((50 50,150 150,150 50,140 50,140 125.857863999999992,57.071067999999997 42.928931999999996,50 50))
line side=left join=mitre|POLYGON((150 50,150 150,50 50,42.928931999999996 57.071067999999997,160 174.142135999999994,160 50,150 50))
poly quadsegs=2 join=round|POLYGON((-2 0,-2 10,-1.414214 11.414213999999999,0 12,10 12,11.414213999999999 11.414213999999999,12 10,12 0,11.414213999999999 -1.414214,10 -2,0 -2,-1.414214 -1.414214,-2 0))
poly quadsegs=2 join=bevel|POLYGON((-2 0,-2 10,0 12,10 12,12 10,12 0,10 -2,0 -2,-2 0))
poly quadsegs=2 join=mitre|POLYGON((-2 -2,-2 12,12 12,12 -2,-2 -2))
poly quadsegs=2 join=mitre mitre_limit=1|POLYGON((-1.828427 -1,-1.828427 11,-1 11.828427,11 11.828427,11.828427 11,11.828427 -1,11 -1.828427,-1 -1.828427,-1.828427 -1))
poly quadsegs=2 join=miter miter_limit=1|POLYGON((-1.828427 -1,-1.828427 11,-1 11.828427,11 11.828427,11.828427 11,11.828427 -1,11 -1.828427,-1 -1.828427,-1.828427 -1))
poly boundary rhr side=left|POLYGON((20 20,10 20,10 50,50 50,50 10,20 10,20 20),(20 20,40 20,40 40,20 40,20 20))
