ndims01|4
geometrytype01|CIRCULARSTRING
ndims02|3
geometrytype02|CIRCULARSTRING
ndims03|3
geometrytype03|CIRCULARSTRINGM
ndims04|2
geometrytype04|CIRCULARSTRING
isClosed01|t
isSimple01|t
isRing01|t
isClosed02|t
isSimple02|f
isRing02|f
astext01|CIRCULARSTRING(0 0,0.267949192431123 1,0.585786437626905 1.414213562373095)
astext01|CIRCULARSTRING(-5 0,0 5,5 0,10 -5,15 0)
astext02|CIRCULARSTRING M (0 0 0,0.267949192431123 1 -2,0.585786437626905 1.414213562373095 2)
astext02|CIRCULARSTRING M (-5 0 4,0 5 3,5 0 2,10 -5 1,15 0 0)
astext03|CIRCULARSTRING Z (0 0 0,0.267949192431123 1 3,0.585786437626905 1.414213562373095 1)
astext03|CIRCULARSTRING Z (-5 0 0,0 5 1,5 0 2,10 -5 3,15 0 4)
astext04|CIRCULARSTRING ZM (0 0 0 0,0.267949192431123 1 3 -2,0.585786437626905 1.414213562373095 1 2)
astext04|CIRCULARSTRING ZM (-5 0 0 4,0 5 1 3,5 0 2 2,10 -5 3 1,15 0 4 0)
asewkt01|CIRCULARSTRING(0 0,0.267949192431123 1,0.585786437626905 1.414213562373095)
asewkt01|CIRCULARSTRING(-5 0,0 5,5 0,10 -5,15 0)
asewkt02|CIRCULARSTRINGM(0 0 0,0.267949192431123 1 -2,0.585786437626905 1.414213562373095 2)
asewkt02|CIRCULARSTRINGM(-5 0 4,0 5 3,5 0 2,10 -5 1,15 0 0)
asewkt03|CIRCULARSTRING(0 0 0,0.267949192431123 1 3,0.585786437626905 1.414213562373095 1)
asewkt03|CIRCULARSTRING(-5 0 0,0 5 1,5 0 2,10 -5 3,15 0 4)
asewkt04|CIRCULARSTRING(0 0 0 0,0.267949192431123 1 3 -2,0.585786437626905 1.414213562373095 1 2)
asewkt04|CIRCULARSTRING(-5 0 0 4,0 5 1 3,5 0 2 2,10 -5 3 1,15 0 4 0)
asbinary01|0108000000030000000000000000000000000000000000000056cd9e5e1426d13f000000000000f03f67880133c3bee23fcd3b7f669ea0f63f
asbinary01|01080000000500000000000000000014c000000000000000000000000000000000000000000000144000000000000014400000000000000000000000000000244000000000000014c00000000000002e400000000000000000
asbinary02|00000007d8000000030000000000000000000000000000000000000000000000003fd126145e9ecd563ff0000000000000c0000000000000003fe2bec3330188673ff6a09e667f3bcd4000000000000000
asbinary02|00000007d800000005c014000000000000000000000000000040100000000000000000000000000000401400000000000040080000000000004014000000000000000000000000000040000000000000004024000000000000c0140000000000003ff0000000000000402e00000000000000000000000000000000000000000000
asbinary03|01f00300000300000000000000000000000000000000000000000000000000000056cd9e5e1426d13f000000000000f03f000000000000084067880133c3bee23fcd3b7f669ea0f63f000000000000f03f
asbinary03|01f00300000500000000000000000014c00000000000000000000000000000000000000000000000000000000000001440000000000000f03f000000000000144000000000000000000000000000000040000000000000244000000000000014c000000000000008400000000000002e4000000000000000000000000000001040
asbinary04|0000000bc00000000300000000000000000000000000000000000000000000000000000000000000003fd126145e9ecd563ff00000000000004008000000000000c0000000000000003fe2bec3330188673ff6a09e667f3bcd3ff00000000000004000000000000000
asbinary04|0000000bc000000005c014000000000000000000000000000000000000000000004010000000000000000000000000000040140000000000003ff0000000000000400800000000000040140000000000000000000000000000400000000000000040000000000000004024000000000000c01400000000000040080000000000003ff0000000000000402e000000000000000000000000000040100000000000000000000000000000
asewkb01|0108000000030000000000000000000000000000000000000056cd9e5e1426d13f000000000000f03f67880133c3bee23fcd3b7f669ea0f63f
asewkb01|01080000000500000000000000000014c000000000000000000000000000000000000000000000144000000000000014400000000000000000000000000000244000000000000014c00000000000002e400000000000000000
asewkb02|0040000008000000030000000000000000000000000000000000000000000000003fd126145e9ecd563ff0000000000000c0000000000000003fe2bec3330188673ff6a09e667f3bcd4000000000000000
asewkb02|004000000800000005c014000000000000000000000000000040100000000000000000000000000000401400000000000040080000000000004014000000000000000000000000000040000000000000004024000000000000c0140000000000003ff0000000000000402e00000000000000000000000000000000000000000000
asewkb03|01080000800300000000000000000000000000000000000000000000000000000056cd9e5e1426d13f000000000000f03f000000000000084067880133c3bee23fcd3b7f669ea0f63f000000000000f03f
asewkb03|01080000800500000000000000000014c00000000000000000000000000000000000000000000000000000000000001440000000000000f03f000000000000144000000000000000000000000000000040000000000000244000000000000014c000000000000008400000000000002e4000000000000000000000000000001040
asewkb04|00c00000080000000300000000000000000000000000000000000000000000000000000000000000003fd126145e9ecd563ff00000000000004008000000000000c0000000000000003fe2bec3330188673ff6a09e667f3bcd3ff00000000000004000000000000000
asewkb04|00c000000800000005c014000000000000000000000000000000000000000000004010000000000000000000000000000040140000000000003ff0000000000000400800000000000040140000000000000000000000000000400000000000000040000000000000004024000000000000c01400000000000040080000000000003ff0000000000000402e000000000000000000000000000040100000000000000000000000000000
ST_CurveToLine-201|LINESTRING(0 0,0.152 0.765,0.586 1.414)
ST_CurveToLine-201|LINESTRING(-5 0,-3.536 3.536,3.062e-16 5,3.536 3.536,5 0,6.464 -3.536,10 -5,13.536 -3.536,15 0)
ST_CurveToLine-202|LINESTRING M (0 0 0,0.152 0.765 -1.5,0.586 1.414 2)
ST_CurveToLine-202|LINESTRING M (-5 0 4,-3.536 3.536 3.5,3.062e-16 5 3,3.536 3.536 2.5,5 0 2,6.464 -3.536 1.5,10 -5 1,13.536 -3.536 0.5,15 0 0)
ST_CurveToLine-203|LINESTRING Z (0 0 0,0.152 0.765 2.25,0.586 1.414 1)
ST_CurveToLine-203|LINESTRING Z (-5 0 0,-3.536 3.536 0.5,3.062e-16 5 1,3.536 3.536 1.5,5 0 2,6.464 -3.536 2.5,10 -5 3,13.536 -3.536 3.5,15 0 4)
ST_CurveToLine-204|LINESTRING ZM (0 0 0 0,0.152 0.765 2.25 -1.5,0.586 1.414 1 2)
ST_CurveToLine-204|LINESTRING ZM (-5 0 0 4,-3.536 3.536 0.5 3.5,3.062e-16 5 1 3,3.536 3.536 1.5 2.5,5 0 2 2,6.464 -3.536 2.5 1.5,10 -5 3 1,13.536 -3.536 3.5 0.5,15 0 4 0)
ST_CurveToLine-401|LINESTRING(0 0,0.152 0.765,0.586 1.414)
ST_CurveToLine-401|LINESTRING(-5 0,-4.619 1.913,-3.536 3.536,-1.913 4.619,3.062e-16 5,1.913 4.619,3.536 3.536,4.619 1.913,5 0,5.381 -1.913,6.464 -3.536,8.087 -4.619,10 -5,11.913 -4.619,13.536 -3.536,14.619 -1.913,15 0)
ST_CurveToLine-402|LINESTRING M (0 0 0,0.152 0.765 -1.5,0.586 1.414 2)
ST_CurveToLine-402|LINESTRING M (-5 0 4,-4.619 1.913 3.75,-3.536 3.536 3.5,-1.913 4.619 3.25,3.062e-16 5 3,1.913 4.619 2.75,3.536 3.536 2.5,4.619 1.913 2.25,5 0 2,5.381 -1.913 1.75,6.464 -3.536 1.5,8.087 -4.619 1.25,10 -5 1,11.913 -4.619 0.75,13.536 -3.536 0.5,14.619 -1.913 0.25,15 0 0)
ST_CurveToLine-403|LINESTRING Z (0 0 0,0.152 0.765 2.25,0.586 1.414 1)
ST_CurveToLine-403|LINESTRING Z (-5 0 0,-4.619 1.913 0.25,-3.536 3.536 0.5,-1.913 4.619 0.75,3.062e-16 5 1,1.913 4.619 1.25,3.536 3.536 1.5,4.619 1.913 1.75,5 0 2,5.381 -1.913 2.25,6.464 -3.536 2.5,8.087 -4.619 2.75,10 -5 3,11.913 -4.619 3.25,13.536 -3.536 3.5,14.619 -1.913 3.75,15 0 4)
ST_CurveToLine-404|LINESTRING ZM (0 0 0 0,0.152 0.765 2.25 -1.5,0.586 1.414 1 2)
ST_CurveToLine-404|LINESTRING ZM (-5 0 0 4,-4.619 1.913 0.25 3.75,-3.536 3.536 0.5 3.5,-1.913 4.619 0.75 3.25,3.062e-16 5 1 3,1.913 4.619 1.25 2.75,3.536 3.536 1.5 2.5,4.619 1.913 1.75 2.25,5 0 2 2,5.381 -1.913 2.25 1.75,6.464 -3.536 2.5 1.5,8.087 -4.619 2.75 1.25,10 -5 3 1,11.913 -4.619 3.25 0.75,13.536 -3.536 3.5 0.5,14.619 -1.913 3.75 0.25,15 0 4 0)
ST_CurveToLine01|LINESTRING(0 0,0 0.1,0.01 0.2,0.02 0.29,0.04 0.39,0.06 0.49,0.09 0.58,0.12 0.67,0.15 0.77,0.19 0.86,0.24 0.94,0.28 1.03,0.34 1.11,0.39 1.19,0.45 1.27,0.52 1.34,0.59 1.41)
ST_CurveToLine01|LINESTRING(-5 0,-4.99 0.25,-4.98 0.49,-4.95 0.73,-4.9 0.98,-4.85 1.21,-4.78 1.45,-4.71 1.68,-4.62 1.91,-4.52 2.14,-4.41 2.36,-4.29 2.57,-4.16 2.78,-4.02 2.98,-3.87 3.17,-3.7 3.36,-3.54 3.54,-3.36 3.7,-3.17 3.87,-2.98 4.02,-2.78 4.16,-2.57 4.29,-2.36 4.41,-2.14 4.52,-1.91 4.62,-1.68 4.71,-1.45 4.78,-1.21 4.85,-0.98 4.9,-0.73 4.95,-0.49 4.98,-0.25 4.99,3.06e-16 5,0.25 4.99,0.49 4.98,0.73 4.95,0.98 4.9,1.21 4.85,1.45 4.78,1.68 4.71,1.91 4.62,2.14 4.52,2.36 4.41,2.57 4.29,2.78 4.16,2.98 4.02,3.17 3.87,3.36 3.7,3.54 3.54,3.7 3.36,3.87 3.17,4.02 2.98,4.16 2.78,4.29 2.57,4.41 2.36,4.52 2.14,4.62 1.91,4.71 1.68,4.78 1.45,4.85 1.21,4.9 0.98,4.95 0.73,4.98 0.49,4.99 0.25,5 0,5.01 -0.25,5.02 -0.49,5.05 -0.73,5.1 -0.98,5.15 -1.21,5.22 -1.45,5.29 -1.68,5.38 -1.91,5.48 -2.14,5.59 -2.36,5.71 -2.57,5.84 -2.78,5.98 -2.98,6.13 -3.17,6.3 -3.36,6.46 -3.54,6.64 -3.7,6.83 -3.87,7.02 -4.02,7.22 -4.16,7.43 -4.29,7.64 -4.41,7.86 -4.52,8.09 -4.62,8.32 -4.71,8.55 -4.78,8.79 -4.85,9.02 -4.9,9.27 -4.95,9.51 -4.98,9.75 -4.99,10 -5,10.25 -4.99,10.49 -4.98,10.73 -4.95,10.98 -4.9,11.21 -4.85,11.45 -4.78,11.68 -4.71,11.91 -4.62,12.14 -4.52,12.36 -4.41,12.57 -4.29,12.78 -4.16,12.98 -4.02,13.17 -3.87,13.36 -3.7,13.54 -3.54,13.7 -3.36,13.87 -3.17,14.02 -2.98,14.16 -2.78,14.29 -2.57,14.41 -2.36,14.52 -2.14,14.62 -1.91,14.71 -1.68,14.78 -1.45,14.85 -1.21,14.9 -0.98,14.95 -0.73,14.98 -0.49,14.99 -0.25,15 0)
ST_CurveToLine02|LINESTRING M (0 0 0,0 0.1 -0.19,0.01 0.2 -0.38,0.02 0.29 -0.56,0.04 0.39 -0.75,0.06 0.49 -0.94,0.09 0.58 -1.12,0.12 0.67 -1.31,0.15 0.77 -1.5,0.19 0.86 -1.69,0.24 0.94 -1.88,0.28 1.03 -1.75,0.34 1.11 -1,0.39 1.19 -0.25,0.45 1.27 0.5,0.52 1.34 1.25,0.59 1.41 2)
ST_CurveToLine02|LINESTRING M (-5 0 4,-4.99 0.25 3.97,-4.98 0.49 3.94,-4.95 0.73 3.91,-4.9 0.98 3.88,-4.85 1.21 3.84,-4.78 1.45 3.81,-4.71 1.68 3.78,-4.62 1.91 3.75,-4.52 2.14 3.72,-4.41 2.36 3.69,-4.29 2.57 3.66,-4.16 2.78 3.62,-4.02 2.98 3.59,-3.87 3.17 3.56,-3.7 3.36 3.53,-3.54 3.54 3.5,-3.36 3.7 3.47,-3.17 3.87 3.44,-2.98 4.02 3.41,-2.78 4.16 3.38,-2.57 4.29 3.34,-2.36 4.41 3.31,-2.14 4.52 3.28,-1.91 4.62 3.25,-1.68 4.71 3.22,-1.45 4.78 3.19,-1.21 4.85 3.16,-0.98 4.9 3.12,-0.73 4.95 3.09,-0.49 4.98 3.06,-0.25 4.99 3.03,3.06e-16 5 3,0.25 4.99 2.97,0.49 4.98 2.94,0.73 4.95 2.91,0.98 4.9 2.88,1.21 4.85 2.84,1.45 4.78 2.81,1.68 4.71 2.78,1.91 4.62 2.75,2.14 4.52 2.72,2.36 4.41 2.69,2.57 4.29 2.66,2.78 4.16 2.62,2.98 4.02 2.59,3.17 3.87 2.56,3.36 3.7 2.53,3.54 3.54 2.5,3.7 3.36 2.47,3.87 3.17 2.44,4.02 2.98 2.41,4.16 2.78 2.38,4.29 2.57 2.34,4.41 2.36 2.31,4.52 2.14 2.28,4.62 1.91 2.25,4.71 1.68 2.22,4.78 1.45 2.19,4.85 1.21 2.16,4.9 0.98 2.12,4.95 0.73 2.09,4.98 0.49 2.06,4.99 0.25 2.03,5 0 2,5.01 -0.25 1.97,5.02 -0.49 1.94,5.05 -0.73 1.91,5.1 -0.98 1.87,5.15 -1.21 1.84,5.22 -1.45 1.81,5.29 -1.68 1.78,5.38 -1.91 1.75,5.48 -2.14 1.72,5.59 -2.36 1.69,5.71 -2.57 1.66,5.84 -2.78 1.63,5.98 -2.98 1.59,6.13 -3.17 1.56,6.3 -3.36 1.53,6.46 -3.54 1.5,6.64 -3.7 1.47,6.83 -3.87 1.44,7.02 -4.02 1.41,7.22 -4.16 1.38,7.43 -4.29 1.34,7.64 -4.41 1.31,7.86 -4.52 1.28,8.09 -4.62 1.25,8.32 -4.71 1.22,8.55 -4.78 1.19,8.79 -4.85 1.16,9.02 -4.9 1.12,9.27 -4.95 1.09,9.51 -4.98 1.06,9.75 -4.99 1.03,10 -5 1,10.25 -4.99 0.97,10.49 -4.98 0.94,10.73 -4.95 0.91,10.98 -4.9 0.87,11.21 -4.85 0.84,11.45 -4.78 0.81,11.68 -4.71 0.78,11.91 -4.62 0.75,12.14 -4.52 0.72,12.36 -4.41 0.69,12.57 -4.29 0.66,12.78 -4.16 0.63,12.98 -4.02 0.59,13.17 -3.87 0.56,13.36 -3.7 0.53,13.54 -3.54 0.5,13.7 -3.36 0.47,13.87 -3.17 0.44,14.02 -2.98 0.41,14.16 -2.78 0.37,14.29 -2.57 0.34,14.41 -2.36 0.31,14.52 -2.14 0.28,14.62 -1.91 0.25,14.71 -1.68 0.22,14.78 -1.45 0.19,14.85 -1.21 0.16,14.9 -0.98 0.13,14.95 -0.73 0.09,14.98 -0.49 0.06,14.99 -0.25 0.03,15 0 0)
ST_CurveToLine03|LINESTRING Z (0 0 0,0 0.1 0.28,0.01 0.2 0.56,0.02 0.29 0.84,0.04 0.39 1.13,0.06 0.49 1.41,0.09 0.58 1.69,0.12 0.67 1.97,0.15 0.77 2.25,0.19 0.86 2.53,0.24 0.94 2.81,0.28 1.03 2.87,0.34 1.11 2.5,0.39 1.19 2.12,0.45 1.27 1.75,0.52 1.34 1.37,0.59 1.41 1)
ST_CurveToLine03|LINESTRING Z (-5 0 0,-4.99 0.25 0.03,-4.98 0.49 0.06,-4.95 0.73 0.09,-4.9 0.98 0.13,-4.85 1.21 0.16,-4.78 1.45 0.19,-4.71 1.68 0.22,-4.62 1.91 0.25,-4.52 2.14 0.28,-4.41 2.36 0.31,-4.29 2.57 0.34,-4.16 2.78 0.37,-4.02 2.98 0.41,-3.87 3.17 0.44,-3.7 3.36 0.47,-3.54 3.54 0.5,-3.36 3.7 0.53,-3.17 3.87 0.56,-2.98 4.02 0.59,-2.78 4.16 0.63,-2.57 4.29 0.66,-2.36 4.41 0.69,-2.14 4.52 0.72,-1.91 4.62 0.75,-1.68 4.71 0.78,-1.45 4.78 0.81,-1.21 4.85 0.84,-0.98 4.9 0.88,-0.73 4.95 0.91,-0.49 4.98 0.94,-0.25 4.99 0.97,3.06e-16 5 1,0.25 4.99 1.03,0.49 4.98 1.06,0.73 4.95 1.09,0.98 4.9 1.12,1.21 4.85 1.16,1.45 4.78 1.19,1.68 4.71 1.22,1.91 4.62 1.25,2.14 4.52 1.28,2.36 4.41 1.31,2.57 4.29 1.34,2.78 4.16 1.37,2.98 4.02 1.41,3.17 3.87 1.44,3.36 3.7 1.47,3.54 3.54 1.5,3.7 3.36 1.53,3.87 3.17 1.56,4.02 2.98 1.59,4.16 2.78 1.62,4.29 2.57 1.66,4.41 2.36 1.69,4.52 2.14 1.72,4.62 1.91 1.75,4.71 1.68 1.78,4.78 1.45 1.81,4.85 1.21 1.84,4.9 0.98 1.88,4.95 0.73 1.91,4.98 0.49 1.94,4.99 0.25 1.97,5 0 2,5.01 -0.25 2.03,5.02 -0.49 2.06,5.05 -0.73 2.09,5.1 -0.98 2.12,5.15 -1.21 2.16,5.22 -1.45 2.19,5.29 -1.68 2.22,5.38 -1.91 2.25,5.48 -2.14 2.28,5.59 -2.36 2.31,5.71 -2.57 2.34,5.84 -2.78 2.38,5.98 -2.98 2.41,6.13 -3.17 2.44,6.3 -3.36 2.47,6.46 -3.54 2.5,6.64 -3.7 2.53,6.83 -3.87 2.56,7.02 -4.02 2.59,7.22 -4.16 2.62,7.43 -4.29 2.66,7.64 -4.41 2.69,7.86 -4.52 2.72,8.09 -4.62 2.75,8.32 -4.71 2.78,8.55 -4.78 2.81,8.79 -4.85 2.84,9.02 -4.9 2.88,9.27 -4.95 2.91,9.51 -4.98 2.94,9.75 -4.99 2.97,10 -5 3,10.25 -4.99 3.03,10.49 -4.98 3.06,10.73 -4.95 3.09,10.98 -4.9 3.12,11.21 -4.85 3.16,11.45 -4.78 3.19,11.68 -4.71 3.22,11.91 -4.62 3.25,12.14 -4.52 3.28,12.36 -4.41 3.31,12.57 -4.29 3.34,12.78 -4.16 3.38,12.98 -4.02 3.41,13.17 -3.87 3.44,13.36 -3.7 3.47,13.54 -3.54 3.5,13.7 -3.36 3.53,13.87 -3.17 3.56,14.02 -2.98 3.59,14.16 -2.78 3.62,14.29 -2.57 3.66,14.41 -2.36 3.69,14.52 -2.14 3.72,14.62 -1.91 3.75,14.71 -1.68 3.78,14.78 -1.45 3.81,14.85 -1.21 3.84,14.9 -0.98 3.88,14.95 -0.73 3.91,14.98 -0.49 3.94,14.99 -0.25 3.97,15 0 4)
ST_CurveToLine04|LINESTRING ZM (0 0 0 0,0 0.1 0.28 -0.19,0.01 0.2 0.56 -0.38,0.02 0.29 0.84 -0.56,0.04 0.39 1.13 -0.75,0.06 0.49 1.41 -0.94,0.09 0.58 1.69 -1.12,0.12 0.67 1.97 -1.31,0.15 0.77 2.25 -1.5,0.19 0.86 2.53 -1.69,0.24 0.94 2.81 -1.88,0.28 1.03 2.87 -1.75,0.34 1.11 2.5 -1,0.39 1.19 2.12 -0.25,0.45 1.27 1.75 0.5,0.52 1.34 1.37 1.25,0.59 1.41 1 2)
ST_CurveToLine04|LINESTRING ZM (-5 0 0 4,-4.99 0.25 0.03 3.97,-4.98 0.49 0.06 3.94,-4.95 0.73 0.09 3.91,-4.9 0.98 0.13 3.88,-4.85 1.21 0.16 3.84,-4.78 1.45 0.19 3.81,-4.71 1.68 0.22 3.78,-4.62 1.91 0.25 3.75,-4.52 2.14 0.28 3.72,-4.41 2.36 0.31 3.69,-4.29 2.57 0.34 3.66,-4.16 2.78 0.37 3.62,-4.02 2.98 0.41 3.59,-3.87 3.17 0.44 3.56,-3.7 3.36 0.47 3.53,-3.54 3.54 0.5 3.5,-3.36 3.7 0.53 3.47,-3.17 3.87 0.56 3.44,-2.98 4.02 0.59 3.41,-2.78 4.16 0.63 3.38,-2.57 4.29 0.66 3.34,-2.36 4.41 0.69 3.31,-2.14 4.52 0.72 3.28,-1.91 4.62 0.75 3.25,-1.68 4.71 0.78 3.22,-1.45 4.78 0.81 3.19,-1.21 4.85 0.84 3.16,-0.98 4.9 0.88 3.12,-0.73 4.95 0.91 3.09,-0.49 4.98 0.94 3.06,-0.25 4.99 0.97 3.03,3.06e-16 5 1 3,0.25 4.99 1.03 2.97,0.49 4.98 1.06 2.94,0.73 4.95 1.09 2.91,0.98 4.9 1.12 2.88,1.21 4.85 1.16 2.84,1.45 4.78 1.19 2.81,1.68 4.71 1.22 2.78,1.91 4.62 1.25 2.75,2.14 4.52 1.28 2.72,2.36 4.41 1.31 2.69,2.57 4.29 1.34 2.66,2.78 4.16 1.37 2.62,2.98 4.02 1.41 2.59,3.17 3.87 1.44 2.56,3.36 3.7 1.47 2.53,3.54 3.54 1.5 2.5,3.7 3.36 1.53 2.47,3.87 3.17 1.56 2.44,4.02 2.98 1.59 2.41,4.16 2.78 1.62 2.38,4.29 2.57 1.66 2.34,4.41 2.36 1.69 2.31,4.52 2.14 1.72 2.28,4.62 1.91 1.75 2.25,4.71 1.68 1.78 2.22,4.78 1.45 1.81 2.19,4.85 1.21 1.84 2.16,4.9 0.98 1.88 2.12,4.95 0.73 1.91 2.09,4.98 0.49 1.94 2.06,4.99 0.25 1.97 2.03,5 0 2 2,5.01 -0.25 2.03 1.97,5.02 -0.49 2.06 1.94,5.05 -0.73 2.09 1.91,5.1 -0.98 2.12 1.87,5.15 -1.21 2.16 1.84,5.22 -1.45 2.19 1.81,5.29 -1.68 2.22 1.78,5.38 -1.91 2.25 1.75,5.48 -2.14 2.28 1.72,5.59 -2.36 2.31 1.69,5.71 -2.57 2.34 1.66,5.84 -2.78 2.38 1.63,5.98 -2.98 2.41 1.59,6.13 -3.17 2.44 1.56,6.3 -3.36 2.47 1.53,6.46 -3.54 2.5 1.5,6.64 -3.7 2.53 1.47,6.83 -3.87 2.56 1.44,7.02 -4.02 2.59 1.41,7.22 -4.16 2.62 1.38,7.43 -4.29 2.66 1.34,7.64 -4.41 2.69 1.31,7.86 -4.52 2.72 1.28,8.09 -4.62 2.75 1.25,8.32 -4.71 2.78 1.22,8.55 -4.78 2.81 1.19,8.79 -4.85 2.84 1.16,9.02 -4.9 2.88 1.12,9.27 -4.95 2.91 1.09,9.51 -4.98 2.94 1.06,9.75 -4.99 2.97 1.03,10 -5 3 1,10.25 -4.99 3.03 0.97,10.49 -4.98 3.06 0.94,10.73 -4.95 3.09 0.91,10.98 -4.9 3.12 0.87,11.21 -4.85 3.16 0.84,11.45 -4.78 3.19 0.81,11.68 -4.71 3.22 0.78,11.91 -4.62 3.25 0.75,12.14 -4.52 3.28 0.72,12.36 -4.41 3.31 0.69,12.57 -4.29 3.34 0.66,12.78 -4.16 3.38 0.63,12.98 -4.02 3.41 0.59,13.17 -3.87 3.44 0.56,13.36 -3.7 3.47 0.53,13.54 -3.54 3.5 0.5,13.7 -3.36 3.53 0.47,13.87 -3.17 3.56 0.44,14.02 -2.98 3.59 0.41,14.16 -2.78 3.62 0.37,14.29 -2.57 3.66 0.34,14.41 -2.36 3.69 0.31,14.52 -2.14 3.72 0.28,14.62 -1.91 3.75 0.25,14.71 -1.68 3.78 0.22,14.78 -1.45 3.81 0.19,14.85 -1.21 3.84 0.16,14.9 -0.98 3.88 0.13,14.95 -0.73 3.91 0.09,14.98 -0.49 3.94 0.06,14.99 -0.25 3.97 0.03,15 0 4 0)
isValid01|t
isValid01|t
isValid02|t
isValid02|t
isValid03|t
isValid03|t
isValid04|t
isValid04|t
dimension01|1
dimension01|1
dimension02|1
dimension02|1
dimension03|1
dimension03|1
dimension04|1
dimension04|1
SRID01|0
SRID01|0
SRID02|0
SRID02|0
SRID03|0
SRID03|0
SRID04|0
SRID04|0
accessors01|f|t|f|f
accessors01|f|t|f|f
accessors02|f|t|f|f
accessors02|f|t|f|f
accessors03|f|t|f|f
accessors03|f|t|f|f
accessors04|f|t|f|f
accessors04|f|t|f|f
envelope01|POLYGON((0 0,0 1.41421356,0.58578644 1.41421356,0.58578644 0,0 0))
envelope01|POLYGON((-5 -5,-5 5,15 5,15 -5,-5 -5))
envelope02|POLYGON((0 0,0 1.41421356,0.58578644 1.41421356,0.58578644 0,0 0))
envelope02|POLYGON((-5 -5,-5 5,15 5,15 -5,-5 -5))
envelope03|POLYGON((0 0,0 1.41421356,0.58578644 1.41421356,0.58578644 0,0 0))
envelope03|POLYGON((-5 -5,-5 5,15 5,15 -5,-5 -5))
envelope04|POLYGON((0 0,0 1.41421356,0.58578644 1.41421356,0.58578644 0,0 0))
envelope04|POLYGON((-5 -5,-5 5,15 5,15 -5,-5 -5))
POLYGON((220187.3821 150406.4347,220187.3821 150506.7171,220288.8159 150506.7171,220288.8159 150406.4347,220187.3821 150406.4347))
npoints_is_five|5
straight_curve|LINESTRING(0 0,1 0,2 0,3 0,4 0)
