CG_Rotate|LINESTRING(0 1,-1 0)
CG_Rotate2D|POINT(2 1)
CG_Rotate3D|POINT Z (0 1 0)
CG_RotateX|POINT Z (0 0 1)
CG_RotateY|POINT Z (0 0 -1)
CG_RotateZ|POINT Z (0 1 0)
CG_Scale|LINESTRING(2 2,4 4)
CG_Scale3D|POINT Z (2 3 4)
CG_Scale3DAroundCenter|POINT Z (1.5 1.5 1.5)
CG_Translate2D|LINESTRING(2 0,3 1)
CG_Translate3D|POINT Z (2 0 3)
CG_StraightSkeletonPartition|MULTIPOLYGON(((0 0,2 0.83,2 2)),((4 0,2 0.83,0 0)),((2 2,2 0.83,4 0)))
CG_Buffer3D|POLYHEDRALSURFACE Z (((0 0 1,0.5 -0.5 0.71,0 -0.71 0.71,0 0 1)),((0 0 1,0.71 -4.33e-17 0.71,0.5 -0.5 0.71,0 0 1)),((0 0 1,0.5 0.5 0.71,0.71 -4.33e-17 0.71,0 0 1)),((0 0 1,8.66e-17 0.71 0.71,0.5 0.5 0.71,0 0 1)),((0 0 1,-0.5 0.5 0.71,8.66e-17 0.71 0.71,0 0 1)),((0 0 1,-0.71 1.3e-16 0.71,-0.5 0.5 0.71,0 0 1)),((0 0 1,-0.5 -0.5 0.71,-0.71 1.3e-16 0.71,0 0 1)),((0 0 1,0 -0.71 0.71,-0.5 -0.5 0.71,0 0 1)),((0 -0.71 0.71,0.5 -0.5 0.71,0.71 -0.71 6.12e-17,0 -0.71 0.71)),((0 -0.71 0.71,0.71 -0.71 6.12e-17,0 -1 6.12e-17,0 -0.71 0.71)),((0.5 -0.5 0.71,0.71 -4.33e-17 0.71,1 -6.12e-17 6.12e-17,0.5 -0.5 0.71)),((0.5 -0.5 0.71,1 -6.12e-17 6.12e-17,0.71 -0.71 6.12e-17,0.5 -0.5 0.71)),((0.71 -4.33e-17 0.71,0.5 0.5 0.71,0.71 0.71 6.12e-17,0.71 -4.33e-17 0.71)),((0.71 -4.33e-17 0.71,0.71 0.71 6.12e-17,1 -6.12e-17 6.12e-17,0.71 -4.33e-17 0.71)),((0.5 0.5 0.71,8.66e-17 0.71 0.71,1.22e-16 1 6.12e-17,0.5 0.5 0.71)),((0.5 0.5 0.71,1.22e-16 1 6.12e-17,0.71 0.71 6.12e-17,0.5 0.5 0.71)),((8.66e-17 0.71 0.71,-0.5 0.5 0.71,-0.71 0.71 6.12e-17,8.66e-17 0.71 0.71)),((8.66e-17 0.71 0.71,-0.71 0.71 6.12e-17,1.22e-16 1 6.12e-17,8.66e-17 0.71 0.71)),((-0.5 0.5 0.71,-0.71 1.3e-16 0.71,-1 1.84e-16 6.12e-17,-0.5 0.5 0.71)),((-0.5 0.5 0.71,-1 1.84e-16 6.12e-17,-0.71 0.71 6.12e-17,-0.5 0.5 0.71)),((-0.71 1.3e-16 0.71,-0.5 -0.5 0.71,-0.71 -0.71 6.12e-17,-0.71 1.3e-16 0.71)),((-0.71 1.3e-16 0.71,-0.71 -0.71 6.12e-17,-1 1.84e-16 6.12e-17,-0.71 1.3e-16 0.71)),((-0.5 -0.5 0.71,0 -0.71 0.71,0 -1 6.12e-17,-0.5 -0.5 0.71)),((-0.5 -0.5 0.71,0 -1 6.12e-17,-0.71 -0.71 6.12e-17,-0.5 -0.5 0.71)),((0 -1 6.12e-17,0.71 -0.71 6.12e-17,0.5 -0.5 -0.71,0 -1 6.12e-17)),((0 -1 6.12e-17,0.5 -0.5 -0.71,0 -0.71 -0.71,0 -1 6.12e-17)),((0.71 -0.71 6.12e-17,1 -6.12e-17 6.12e-17,0.71 -4.33e-17 -0.71,0.71 -0.71 6.12e-17)),((0.71 -0.71 6.12e-17,0.71 -4.33e-17 -0.71,0.5 -0.5 -0.71,0.71 -0.71 6.12e-17)),((1 -6.12e-17 6.12e-17,0.71 0.71 6.12e-17,0.5 0.5 -0.71,1 -6.12e-17 6.12e-17)),((1 -6.12e-17 6.12e-17,0.5 0.5 -0.71,0.71 -4.33e-17 -0.71,1 -6.12e-17 6.12e-17)),((0.71 0.71 6.12e-17,1.22e-16 1 6.12e-17,8.66e-17 0.71 -0.71,0.71 0.71 6.12e-17)),((0.71 0.71 6.12e-17,8.66e-17 0.71 -0.71,0.5 0.5 -0.71,0.71 0.71 6.12e-17)),((1.22e-16 1 6.12e-17,-0.71 0.71 6.12e-17,-0.5 0.5 -0.71,1.22e-16 1 6.12e-17)),((1.22e-16 1 6.12e-17,-0.5 0.5 -0.71,8.66e-17 0.71 -0.71,1.22e-16 1 6.12e-17)),((-0.71 0.71 6.12e-17,-1 1.84e-16 6.12e-17,-0.71 1.3e-16 -0.71,-0.71 0.71 6.12e-17)),((-0.71 0.71 6.12e-17,-0.71 1.3e-16 -0.71,-0.5 0.5 -0.71,-0.71 0.71 6.12e-17)),((-1 1.84e-16 6.12e-17,-0.71 -0.71 6.12e-17,-0.5 -0.5 -0.71,-1 1.84e-16 6.12e-17)),((-1 1.84e-16 6.12e-17,-0.5 -0.5 -0.71,-0.71 1.3e-16 -0.71,-1 1.84e-16 6.12e-17)),((-0.71 -0.71 6.12e-17,0 -1 6.12e-17,0 -0.71 -0.71,-0.71 -0.71 6.12e-17)),((-0.71 -0.71 6.12e-17,0 -0.71 -0.71,-0.5 -0.5 -0.71,-0.71 -0.71 6.12e-17)),((0 0 -1,0 -0.71 -0.71,0.5 -0.5 -0.71,0 0 -1)),((0 0 -1,0.5 -0.5 -0.71,0.71 -4.33e-17 -0.71,0 0 -1)),((0 0 -1,0.71 -4.33e-17 -0.71,0.5 0.5 -0.71,0 0 -1)),((0 0 -1,0.5 0.5 -0.71,8.66e-17 0.71 -0.71,0 0 -1)),((0 0 -1,8.66e-17 0.71 -0.71,-0.5 0.5 -0.71,0 0 -1)),((0 0 -1,-0.5 0.5 -0.71,-0.71 1.3e-16 -0.71,0 0 -1)),((0 0 -1,-0.71 1.3e-16 -0.71,-0.5 -0.5 -0.71,0 0 -1)),((0 0 -1,-0.5 -0.5 -0.71,0 -0.71 -0.71,0 0 -1)))
CG_Rotate|LINESTRING EMPTY
CG_Rotate2D|POINT EMPTY
CG_Rotate3D|POINT Z EMPTY
CG_RotateX|POINT Z EMPTY
CG_RotateY|POINT Z EMPTY
CG_RotateZ|POINT Z EMPTY
CG_Scale|LINESTRING EMPTY
CG_Scale3D|POINT Z EMPTY
CG_Scale3DAroundCenter|POINT Z EMPTY
CG_Translate2D|LINESTRING EMPTY
CG_Translate3D|POINT Z EMPTY
CG_StraightSkeletonPartition|MULTIPOLYGON EMPTY
CG_Buffer3D|POLYHEDRALSURFACE EMPTY
